model
{
	for (i in 1:1369) {
		Y[i] ~ dnorm(mu[i], tausq)
		mu[i] <- beta[1] + beta[2]*X[i,1] + beta[3]*X[i,2] + beta[4]*X[i,3] + beta[5]*X[i,4] + beta[6]*X[i,5] + beta[7]*X[i,6]
		Useless[i] <- Lat[i] + Longi[i]
		}
		
		for (i in 1:7) { beta[i] ~ dnorm(0.0, 0.00001)}
		tausq ~ dgamma(0.001, 0.001)
		sigma <- 1/sqrt(tausq)
		
		for(i in 1:10) {
			Y.tilde[i] ~ dnorm(mu.tilde[i], tausq)
				mu.tilde[i] <- beta[1] + beta[2]*X.tilde[i,1] + beta[3]*X.tilde[i,2] + beta[4]*X.tilde[i,3] + beta[5]*X.tilde[i,4] + beta[6]*X.tilde[i,5] + beta[7]*X.tilde[i,6]
		}
}

#Initial values for three parallel chains
##Chain 1:
list(beta=c(0,0,0,0,0,0,0), tausq=1.0)
list(Y.tilde = c(0, 0, 0, 0, 0, 0, 0, 0, 0, 0))

##Chain 2:
list(beta=c(-100,-100,-100,-100,-100,-100,-100), tausq=10.0)
list(Y.tilde = c(0, 0, 0, 0, 0, 0, 0, 0, 0, 0))

##Chain 3:
list(beta=c(100,100,100,100,100,100,100), tausq=0.10)
list(Y.tilde = c(0, 0, 0, 0, 0, 0, 0, 0, 0, 0))

##Data Input for prediction
X.tilde[,1] X.tilde[,2] X.tilde[,3] X.tilde[,4] X.tilde[,5] X.tilde[,6]
23.86 18  4  0  0 0.011045818
10.40 58  2  0  0 0.071502376
22.00 48  4  1  0 0.102405223
13.60  5  3  1  0 0.061113625
32.00 19  5  0  0 0.013962082
11.62 81  2  1  0 0.045874929
14.90 24  3  1  1 0.006069586
12.23 31  3  0  1 0.049286381
23.25  6  4  0  1 0.007610847
13.74 14  3  0  1 0.020729532
END

#Data Input for Model Fitting	
Y[] 	X[,1]	X[,2]	X[,3]	X[,4]	X[,5]	X[,6]	Lat[]	Longi[]
12.72188581 30 14 3 0 0 0.110261785 38.043904 -121.250424
11.54248427 14 12 3 0 0 0.065603463 38.010252 -121.285448
11.87687389 22 24 4 0 0 0.032802559 38.028944 -121.327576
11.46163217 11 49 3 1 0 0.040842208 37.988324 -121.303632
11.19821472 10 18 3 1 0 0.077190612 38.031028 -121.280912
11.87059991 20 77 4 0 0 0.041129617 37.973132 -121.297584
11.27339843 8 49 2 1 0 0.043372846 37.98964 -121.301424
11.77528973 20 9 4 0 0 0.053522194 38.03332 -121.30708
11.60823564 15 68 3 0 0 0.020050911 37.958044 -121.314416
11.71177632 17 10 4 0 0 0.068429027 38.013228 -121.283552
11.33857208 14 52 3 0 0 0.042286597 37.983836 -121.300392
11.47729829 16 49 3 0 0 0.011271704 37.963736 -121.325952
11.8493977 20 10 4 0 0 0.061502078 38.010272 -121.28984
11.9511804 20 9 3 0 0 0.001028071 38.03382 -121.365584
11.35627165 11 48 3 0 0 0.021311005 38.006152 -121.331248
11.87687389 15 50 3 0 0 0.009791483 37.975236 -121.33188
11.58524613 11 53 2 1 0 0.025396561 37.96762 -121.31232
11.9316358 18 2 3 0 0 0.033041997 38.046812 -121.334072
11.7905572 14 22 3 1 0 0.020184787 37.991068 -121.326752
11.59450545 10 15 2 0 0 0.004039068 38.016008 -121.362072
11.28971941 8 50 2 1 0 0.041833965 37.988568 -121.302664
11.6127708 15 44 3 0 0 0.011453895 38.00202 -121.340224
11.69524702 14 5 3 1 0 0.061921742 37.996428 -121.28416
11.82041016 18 10 4 0 0 0.055311652 38.02966 -121.303784
11.85296277 17 8 3 0 0 0.031423349 38.05502 -121.338904
11.66134547 19 50 3 0 1 0.025370765 37.968288 -121.3126
11.4019939 14 19 3 0 0 0.07028839 38.018848 -121.283688
11.91505167 17 7 3 0 0 0.024262997 38.054664 -121.346424
11.48760766 12.28 10 3 0 0 0.07104057 38.025824 -121.28552
12.32385568 23.86 18 4 0 0 0.011045818 37.981452 -121.332888
11.64395373 12.64 5 3 0 0 0.06699026 38.008692 -121.283376
11.98449037 17.25 41 3 0 0 0.024338315 38.011096 -121.32988
11.68266824 13.57 6 3 0 0 0.066897078 38.009 -121.283592
12.03171926 20.16 75 4 0 0 0.026906957 37.964716 -121.309608
11.88793137 16.93 48 3 0 0 0.04102164 37.971768 -121.297184
11.50287513 10 8 3 0 0 0.075648351 38.026792 -121.28096
11.77490504 17.88 48 4 0 1 0.044261971 37.987032 -121.299488
11.77528973 12.7 59 2 0 0 0.03532761 37.974544 -121.30432
11.91839057 16.49 6 3 0 0 0.00294706 38.03506 -121.368104
12.01370075 20.3 19 4 0 1 0.007486524 38.033032 -121.356184
11.73606902 15.36 13 3 0 0 0.013006226 38.038464 -121.352336
12.1521443 27.27 11 4 1 0 0.007905291 38.037604 -121.357464
11.75978554 17.6 20 4 0 0 0.035006336 38.032892 -121.326712
12.10071213 25.84 22 5 1 1 0.009451414 37.989284 -121.337552
11.79622294 17.1 18 3 0 1 0.039806171 38.037092 -121.323168
11.9511804 13.67 52 2 0 0 0.02569066 37.965848 -121.311336
10.87804719 8.59 20 2 0 0 0.077713769 37.978692 -121.260576
11.71586631 14.38 23 3 0 0 0.034915637 38.032212 -121.326552
11.71177632 13 6 3 0 0 0.052656967 38.031084 -121.30716
11.8277362 20.72 25 5 0 0 0.002577919 38.012012 -121.359
11.8277362 22.09 11 3 1 1 0.013941976 38.0391 -121.351576
11.45635511 12.68 44 3 0 1 0.028660963 37.98418 -121.315088
12.01370075 17.94 16 3 0 1 0.0131301 37.997468 -121.336712
12.12269104 19 0 4 1 0 0.000301238 38.042344 -121.367384
11.34981813 12.55 38 3 1 0 0.044536206 38.03396 -121.316928
12.03469103 22.23 17 4 0 1 0.005427968 38.038196 -121.360336
11.35040654 8.58 48 2 1 1 0.039373506 37.986392 -121.304472
11.76756768 15.52 21 3 0 0 0.006871978 38.017596 -121.351008
11.80931948 20.42 23 4 1 0 0.005297507 38.018244 -121.352936
11.22524339 10.4 58 2 0 0 0.071502376 37.969292 -121.263664
11.35040654 9.95 63 2 0 1 0.014539037 37.962288 -121.321912
11.74403719 15.47 22 3 0 0 0.039151346 38.036912 -121.3238
11.69441334 14.47 34 3 0 1 0.011204904 38.0155 -121.345584
11.67419361 12.9 49 3 1 0 0.021230376 37.971712 -121.31832
11.49272276 14 19 3 0 1 0.061104106 38.033556 -121.299064
11.36210258 10.33 48 3 1 1 0.016803855 37.979344 -121.325936
11.65268741 13 21 3 0 1 0.032713171 38.025452 -121.326352
11.19821472 9.65 19 2 1 0 0.058552535 38.025512 -121.298752
11.8386256 16.74 16 3 0 1 0.005373756 38.036476 -121.359744
11.28978191 13.18 33 3 1 0 0.043279423 38.02562 -121.31512
11.11988288 10.27 53 2 0 1 0.035194079 37.964216 -121.30056
11.65225253 17.46 20 3 0 0 0.026282479 38.040032 -121.338736
11.7352687 13.72 15 3 0 0 0.039656501 38.041432 -121.324968
11.58524613 17.89 25 4 0 0 0.052253409 38.023824 -121.304848
11.45105006 14.78 17 2 0 0 0.059072243 38.027448 -121.298928
11.99843328 22.2 20 4 1 0 0.017803923 37.992568 -121.329864
12.1281111 16.38 18 3 0 0 0.013113719 37.998148 -121.365024
11.50287513 9.88 38 3 0 0 0.107886715 38.047728 -121.254408
11.39582969 11.75 34 3 0 0 0.04192456 38.0307 -121.318488
11.65225253 14.88 32 3 0 0 0.052130879 38.002476 -121.296912
11.48195066 11.58 19 3 0 0 0.071079746 38.02422 -121.284872
12.01974307 26.89 12 4 0 0 0.014996843 38.033256 -121.34824
11.39526742 11.35 17 3 1 1 0.072445231 38.028464 -121.285016
11.56076279 13 22 3 1 0 0.001361484 38.012804 -121.355088
11.39639165 10 49 3 1 0 0.014811927 37.97174 -121.325192
11.30220443 12 44 3 1 0 0.013768717 37.978612 -121.328904
11.00209984 9 10 2 1 0 0.066016953 38.019636 -121.288552
11.55214618 15 24 3 1 0 0.017028533 38.024544 -121.342776
11.73206099 15 39 3 1 0 0.020935001 38.020056 -121.336904
11.98286659 22 48 4 1 0 0.102405223 38.05752 -121.263968
11.78858556 20 16 4 1 0 0.005406346 38.038156 -121.360344
11.26446411 10 17 3 1 0 0.067685124 38.025816 -121.289104
11.09877273 9 79 3 1 1 0.047293833 37.977868 -121.292784
11.7279562 16 9 3 1 0 0.054364176 38.029012 -121.304552
11.3736634 14 13 3 1 0 0.05522692 38.0088 -121.295992
11.80559508 20 22 4 1 0 0.00792919 38.016268 -121.349376
11.57496086 17 73 3 1 1 0.020103744 37.962724 -121.316128
11.49170183 12 12 3 1 0 0.00954032 37.959092 -121.326048
10.95518292 9 52 2 1 0 0.012025712 37.967224 -121.326464
11.26318123 11 14 3 1 0 0.067046886 38.026932 -121.290208
11.74324322 18 16 3 0 1 0.006249673 38.035736 -121.358528
11.42900023 10.99 47 3 1 1 0.013594734 37.972192 -121.326664
11.82224671 18.09 5 3 1 1 0.001470874 38.035256 -121.3666
11.57590026 12.65 73 2 0 0 0.026514261 37.962356 -121.309136
11.28978191 10.7 57 2 0 0 0.049499403 37.979704 -121.29112
11.91839057 18.6 25 3 0 0 0.00524257 37.963212 -121.343408
11.27720313 13.7 72 2 0 1 0.057826151 37.966656 -121.277288
11.6784399 12.93 9 3 1 1 0.062547875 38.015644 -121.290752
12.01370075 22.5 79 4 0 1 0.032307612 37.960856 -121.302376
11.72803684 13.15 47 3 1 1 0.027391351 38.025068 -121.331896
11.6784399 11.81 58 2 0 1 0.017600316 37.963348 -121.31904
11.6483301 16.06 91 3 0 1 0.039491036 37.96422 -121.295968
11.60823564 16.13 56 3 1 0 0.018927865 37.973476 -121.321448
11.73606902 16.53 51 3 0 0 0.020773675 37.978232 -121.321272
11.62267633 15.94 89 3 1 1 0.02870921 37.963548 -121.30724
11.77528973 18.49 20 4 1 0 0.026153742 38.039816 -121.338792
11.84222921 16.08 37 4 0 1 0.046117506 37.999564 -121.30224
11.66992921 11.34 74 2 0 1 0.031695722 37.961856 -121.303408
12.01370075 22.77 21 4 0 1 0.019790816 37.994484 -121.328464
11.607781 13.6 5 3 1 0 0.061113625 37.995772 -121.284776
11.33857208 12.66 30 3 1 1 0.051087565 38.017816 -121.303824
11.38452375 8.98 47 2 1 0 0.019849684 38.005744 -121.332656
11.58988651 10.34 51 2 0 0 0.034080276 37.972836 -121.305008
11.75587164 15.52 20 3 1 0 0.013792754 38.0351 -121.350224
11.9511804 19.08 45 3 1 0 0.000857157 37.963976 -121.337176
11.8277362 16.74 73 3 1 0 0.038832417 37.979124 -121.302304
11.31447453 12.73 47 2 1 0 0.017299837 38.003548 -121.334552
11.58058411 17.45 53 4 1 0 0.022608448 37.972816 -121.317264
11.66134547 12 81 2 0 1 0.033671337 37.970176 -121.30444
11.58058411 11.13 40 3 0 1 0.05076736 38.007468 -121.300256
11.32659589 11.6 58 3 0 0 0.06458322 37.974784 -121.273136
11.28978191 13.59 47 3 1 0 0.040700711 37.97556 -121.29896
11.68266824 14 9 4 0 1 0.059752072 38.013472 -121.29292
11.97665948 15 39 3 0 0 0.01996473 38.01928 -121.337648
11.50287513 15 34 3 0 0 0.040449961 38.0271 -121.318704
11.97003381 20 9 4 0 0 0.061476248 38.01058 -121.289984
11.41861479 11 48 2 0 0 0.042878382 37.987352 -121.301088
10.93310697 9 26 2 0 0 0.000239059 38.008636 -121.355224
11.34568955 14 37 3 0 0 0.030195499 37.959856 -121.304256
11.1844214 12 35 3 1 0 0.047203893 38.033716 -121.313984
11.6784399 14 72 3 1 0 0.036985573 37.974852 -121.302664
12.56024446 30 25 5 1 0 0.010063718 37.996064 -121.360976
11.59910316 12 31 3 0 0 0.04899411 38.029296 -121.3104
11.53076538 15 17 3 1 0 0.017016946 38.03118 -121.345296
11.00209984 9 44 3 1 0 0.01594125 37.980164 -121.327168
11.60823564 18 21 3 0 0 0.018441402 37.995684 -121.33036
12.03765399 21 21 4 1 0 0.010671918 37.992144 -121.337328
11.15625052 10 52 2 0 0 0.011686332 37.969376 -121.32764
12.71889627 32 16 4 0 0 0.110029796 38.043904 -121.250672
12.78689064 32 19 5 0 0 0.013962082 38.01462 -121.342304
11.35040654 12 76 2 1 0 0.028757973 37.965676 -121.307992
11.22524339 10 38 3 0 0 0.04805729 38.033992 -121.313176
11.0611546 10 18 2 0 0 0.057447905 38.025732 -121.300016
11.87059991 16 7 3 1 0 0.011367541 37.974084 -121.354064
11.60823564 13 92 3 0 0 0.036764412 37.962032 -121.298056
11.46163217 15 46 4 1 0 0.004499736 37.967612 -121.334656
11.75978554 18 9 4 0 0 0.053287997 38.030244 -121.306168
11.48246626 12 9 3 0 0 0.075805057 38.02732 -121.280992
11.69483027 14 29 3 1 0 0.024637863 38.019332 -121.332672
12.5776362 24 38 4 0 0 0.00119495 37.960944 -121.338224
10.98529272 8 73 2 1 0 0.046105953 37.97618 -121.293416
12.14950229 23 20 4 1 0 0.011684918 37.995412 -121.33748
11.27720313 11 19 4 1 0 0.074451574 38.032912 -121.284552
11.2515607 11 21 3 0 0 0.072297009 38.0323 -121.286624
11.9511804 22 50 3 1 0 0.027177467 37.969292 -121.311048
12.34561717 27 20 6 0 0 0.010104791 37.995176 -121.33908
11.26318123 11 26 2 0 0 0.083257198 37.976612 -121.253864
11.87059991 23 15 5 1 0 0.014899385 38.040136 -121.350944
12.11724143 23 58 3 0 0 0.038520592 37.9764 -121.301608
11.71993963 15 9 3 1 0 0.008604293 38.03196 -121.354584
11.30220443 9 51 2 0 0 0.022405669 37.970464 -121.316592
11.95053503 21 22 4 1 0 0.019060396 37.994196 -121.329136
11.99535161 20 42 4 1 0 0.019199479 38.017348 -121.337736
11.80185676 13 22 3 1 0 0.007500077 38.011192 -121.363952
11.96081129 18 38 3 0 0 0.040588079 38.001112 -121.308736
11.75978554 14 58 2 1 0 0.031743485 37.971772 -121.307104
12.20607265 19 19 3 0 0 0.015025363 37.989852 -121.331808
11.9316358 19 39 4 0 0 0.01938167 38.007892 -121.333968
11.49272276 11 14 3 0 0 0.067617565 38.027128 -121.289672
11.60823564 14 35 3 1 0 0.108456842 38.045636 -121.253008
11.97665948 19 19 3 1 0 0.00307021 37.98206 -121.348208
11.37939407 13 47 3 1 0 0.007335991 37.969844 -121.348152
11.69107165 13 36 3 1 0 0.013549454 38.017708 -121.343912
11.86076146 17 20 3 0 0 0.016240591 37.992316 -121.33144
11.30220443 12 36 3 0 0 0.04803484 37.996668 -121.299096
11.28978191 12 10 3 0 0 0.068450512 38.01964 -121.285952
11.66992921 15 12 3 1 0 0.006924915 38.040716 -121.359688
11.40700924 11 52 3 0 0 0.050306279 37.9891 -121.293808
11.45635511 13 48 3 0 0 0.031803836 38.02108 -121.325672
11.72399644 14 9 3 0 1 0.068120444 38.012228 -121.283504
11.7905572 15 41 3 1 0 0.010272015 38.003948 -121.342216
11.85103921 16 17 3 0 0 0.01472278 37.983788 -121.32984
11.56279124 13 10 3 1 0 0.065232873 38.0095 -121.28556
11.75978554 13 5 3 1 0 0.032991509 38.046648 -121.334064
11.36210258 8 36 2 0 0 0.037484969 37.98522 -121.306048
11.40700924 11.54 17 3 0 0 0.070914143 38.025424 -121.285504
11.35040654 10 25 3 0 0 0.049634417 38.02374 -121.307616
11.7829526 18 16 4 0 0 0.017915314 38.040856 -121.347992
11.6351431 13 3 3 1 0 0.06612693 38.008896 -121.284376
11.88379913 16 6 3 1 0 0.000429699 38.041416 -121.366896
12.25486281 21 23 3 0 0 0.044141097 38.05414 -121.324976
11.28978191 13 52 2 1 0 0.070736298 37.97608 -121.267048
12.8346813 29 6 3 1 0 0.013275288 37.986788 -121.360904
11.40756495 10 73 2 0 0 0.03366006 37.969636 -121.304248
11.61728548 16 21 3 0 0 0.031900329 38.036236 -121.331296
11.36210258 13 50 3 1 0 0.010819106 37.960148 -121.32508
11.77528973 16 21 3 0 0 0.00696447 37.990992 -121.340856
11.58988651 15 21 3 1 0 0.035943811 38.03764 -121.327504
11.34450681 11 16 3 0 0 0.058290233 38.034572 -121.302456
11.45105006 10 40 3 0 0 0.010094583 37.964132 -121.32736
11.57590026 15 26 3 0 0 0.014737644 38.024372 -121.34516
11.48246626 14 70 2 0 0 0.036845076 37.969056 -121.300624
11.65702581 16 9 3 1 0 0.053679486 38.03042 -121.305816
11.58988651 13 6 3 0 0 0.063197493 38.003996 -121.285656
12.56024446 24 4 4 0 0 0.012910768 37.973656 -121.355552
11.8493977 20 9 4 0 0 0.053399009 38.029436 -121.305744
12.08390501 23 18 4 1 0 0.0147114 37.983904 -121.329896
11.51292546 11 51 2 0 0 0.028675896 38.002048 -121.321824
11.46163217 14 47 3 0 0 0.018650147 38.003896 -121.33324
12.76568843 33 19 4 0 0 0.013387851 37.993836 -121.335064
11.58058411 13 48 3 0 0 0.01602481 37.975764 -121.325416
12.7367009 35 13 3 0 1 0.098430541 38.0261 -121.256344
12.26434155 30 51 3 1 0 0.035271811 38.0231 -121.322728
11.14113688 10 27 4 1 0 0.067145827 37.973904 -121.270064
11.65268741 15 36 3 0 0 0.023480124 38.02588 -121.336384
11.48195066 15 73 3 0 0 0.036469899 37.966428 -121.300032
11.75941829 18 20 4 1 0 0.033516942 38.03196 -121.327952
11.76756768 17 10 4 0 0 0.065919564 38.01682 -121.287592
11.64395373 15 9 4 0 0 0.06481721 37.999136 -121.282088
12.09514108 19 11 3 0 0 0.003751832 38.01464 -121.361248
11.74403719 19 18 3 0 0 0.015979667 37.994076 -121.332384
12.10071213 19 58 3 0 0 0.039931425 37.976644 -121.300192
11.35392973 10 48 2 1 0 0.020724876 37.963592 -121.315792
12.59473064 26 6 4 0 0 0.014129823 37.985048 -121.36116
11.98292909 19 9 4 0 1 0.064550217 38.012184 -121.287304
11.56171563 10 11 3 1 0 0.064787345 38.01114 -121.286656
11.15625052 9 20 2 0 0 0.059482768 38.0241 -121.297224
12.67607627 32 39 4 0 1 0.012703919 38.014448 -121.343584
11.28915672 11 74 2 1 0 0.04711409 37.976428 -121.292432
11.51292546 15 51 1 0 0 0.031561536 37.986352 -121.312808
11.32659589 11 40 3 1 0 0.037447999 38.015072 -121.317368
11.67180779 13 4 3 1 0 0.060385136 37.99568 -121.28552
11.79810441 16 19 3 0 0 0.011030989 38.033236 -121.352472
11.98292909 18 6 3 1 0 0.000233472 38.041784 -121.367744
11.87059991 21 9 3 1 0 0.061497043 38.008056 -121.289008
11.21182037 10 39 3 1 0 0.010058787 37.965428 -121.327888
12.4874851 25 40 3 0 1 0.021181923 37.9655 -121.361312
11.56171563 16 74 2 0 0 0.026866711 37.964708 -121.309648
11.39639165 13 51 2 1 0 0.041301359 37.976984 -121.298856
11.59910316 12 16 3 1 0 0.004151183 38.015712 -121.36208
11.64395373 16 22 3 0 0 0.03469727 38.030324 -121.326072
11.1124479 10 54 3 0 0 0.067091753 37.976228 -121.271
11.65268741 13 44 3 0 0 0.015183759 38.005416 -121.33752
11.90496755 21 19 4 0 0 0.037743236 38.039936 -121.326448
12.56024446 26 20 4 0 0 0.11059875 38.044328 -121.250224
11.71993963 18 9 3 1 0 0.061492215 38.008 -121.288992
12.32829028 19 64 3 0 1 0.103588068 38.035292 -121.254304
11.7905572 19 9 4 0 0 0.062617364 38.012792 -121.2896
11.28915672 12 51 3 0 0 0.023962552 37.970232 -121.31484
11.22524339 9 77 2 1 0 0.047164578 37.975724 -121.292112
11.56171563 15 24 4 0 1 0.010930979 38.026496 -121.350032
11.35040654 11 20 3 1 0 0.06058326 38.029288 -121.298008
12.44901882 26 21 4 0 0 0.007891324 38.0118 -121.3646
11.80559508 16 41 3 0 0 0.024991864 38.012712 -121.329792
11.48760766 15 53 3 0 0 0.019355702 37.966832 -121.31848
11.51242534 14 43 3 0 0 0.046790609 38.012604 -121.306448
11.22524339 11 60 2 0 0 0.047109642 37.9812 -121.29424
11.79810441 16 44 3 0 0 0.024542094 38.017812 -121.3322
11.60823564 18 20 4 1 0 0.035486247 38.025612 -121.323448
11.27720313 13 20 3 0 0 0.051823089 38.026248 -121.306224
11.86358234 21 9 4 0 0 0.059481458 38.011288 -121.292384
11.35040654 14 37 3 1 0 0.004441454 38.003268 -121.348192
11.73606902 18 9 3 0 0 0.070049227 38.036844 -121.290744
11.61908566 13 11 3 0 0 0.064728994 38.011356 -121.2868
11.35040654 12 37 3 1 0 0.041547349 37.99468 -121.30528
11.34981813 10 42 3 1 0 0.006948848 37.96332 -121.330416
11.3736634 11 23 3 1 0 0.050412048 38.026448 -121.307808
12.10071213 18 26 3 0 0 0.007580499 37.995404 -121.358072
11.2708539 9 46 3 1 0 0.010360197 37.97748 -121.33212
12.09793049 22 10 4 1 0 0.000469393 38.017436 -121.357792
11.65268741 15 12 3 1 0 0.0089445 38.03758 -121.356344
11.66134547 11 58 2 0 0 0.032132456 37.976048 -121.308304
11.73606902 16 74 4 0 0 0.008013715 37.965528 -121.330112
11.76756768 17 22 4 0 1 0.004430039 38.02646 -121.356968
11.85651517 16 39 3 1 0 0.008482901 38.00166 -121.343264
11.83500896 17 45 3 1 0 0.025019246 38.01732 -121.331504
11.67419361 19 21 4 0 0 0.029534018 38.037756 -121.3344
11.38509209 10 54 2 0 0 0.067333536 37.976044 -121.270672
11.62625415 13 9 3 1 0 0.061062999 38.015868 -121.292424
11.42954386 12 38 3 0 0 0.013819309 38.019784 -121.344408
11.64395373 15 55 3 0 0 0.040070819 37.978732 -121.300832
11.68645852 13 5 3 0 0 0.090324092 38.022136 -121.263512
10.93310697 9 27 2 0 0 0.002381209 38.008292 -121.357384
12.1388639 15 15 3 0 0 0.005140318 37.997052 -121.345096
11.81303006 18 10 4 0 0 0.06480614 38.014644 -121.28796
11.79810441 17 69 3 0 0 0.023582341 37.958444 -121.310792
11.2835123 9 49 2 0 0 0.005662889 37.973316 -121.335568
11.68266824 14 57 2 1 0 0.03203417 37.976024 -121.3084
11.64395373 13 13 3 1 0 0.001828739 37.9868 -121.348672
11.53761808 15 47 3 1 0 0.018650492 38.003156 -121.33296
11.33857208 11 62 2 1 0 0.015542864 37.969616 -121.323608
11.51292546 13 11 3 1 0 0.067592011 38.018164 -121.286312
11.95761129 26 17 4 0 0 0.039861556 38.039768 -121.32412
12.64109656 26 7 3 0 0 0.014288977 37.984132 -121.360984
11.69524702 17 49 3 0 0 0.008206528 37.973208 -121.332808
11.96718074 15 52 3 0 0 0.032730345 37.97558 -121.307488
11.48760766 11 46 3 0 0 0.040100201 38.00422 -121.310432
11.38509209 10 44 3 1 0 0.011986604 37.978228 -121.330664
11.80559508 14 4 3 0 0 0.030088006 38.045992 -121.33692
11.16690782 8 49 2 0 0 0.012734681 37.972744 -121.327792
11.71993963 17 25 4 0 0 0.012468722 38.024368 -121.347584
12.23076526 24 69 3 0 0 0.032131111 37.966348 -121.30464
11.88448902 21 14 4 1 0 0.018249141 38.041504 -121.34788
11.7905572 22 19 4 1 0 0.009169489 38.03394 -121.354728
11.46163217 13 15 3 0 0 0.040977705 38.019172 -121.315144
11.6307085 13 58 2 1 0 0.039906147 37.976636 -121.300216
11.70766954 19 21 4 1 0 0.007967918 38.023872 -121.352208
11.65181746 16 23 3 0 0 0.038018506 38.0343 -121.324024
11.64395373 14 62 3 0 0 0.030774593 37.965432 -121.305744
11.77528973 14 38 3 0 0 0.021160128 38.0248 -121.338456
11.72803684 13 21 3 1 0 0.004889845 37.989844 -121.34264
11.38509209 10 48 3 1 0 0.013935631 37.978068 -121.32852
12.00762171 18 22 3 0 0 0.011006814 37.989196 -121.335856
12.18841771 16 19 3 1 0 0.014239317 37.989576 -121.332544
11.88448902 22 13 4 0 0 0.041155275 38.041332 -121.323328
11.38509209 12 36 3 1 0 0.040047472 38.025792 -121.31864
11.30220443 13 58 3 1 0 0.013121341 37.96158 -121.32316
11.81303006 14 16 3 0 0 0.00084688 37.979952 -121.343224
12.04355372 23 12 5 0 0 0.005823009 38.042468 -121.361528
11.81303006 15 50 3 0 0 0.026530435 37.974088 -121.313552
12.79385931 31 45 4 0 0 0.105499505 38.031596 -121.250864
11.71177632 20 11 3 0 0 0.003165634 38.037512 -121.362496
11.46163217 12 72 3 1 0 0.018235932 37.959176 -121.316784
11.35568669 11 78 2 0 0 0.031801629 37.970264 -121.306472
11.79810441 20 10 4 0 0 0.05468645 38.033184 -121.305784
11.40756495 14 5 3 1 0 0.061921742 37.996428 -121.28416
11.88448902 22 9 4 0 0 0.069539382 38.036312 -121.291088
11.31447453 13 20 3 0 0 0.052977069 38.025596 -121.304744
11.53272809 13 19 3 1 0 0.006727998 37.982384 -121.337856
11.48246626 14 23 3 0 0 0.008840455 38.024308 -121.35144
11.44035477 10 52 3 0 0 0.017781541 37.971588 -121.32196
11.4019939 14 30 3 0 0 0.047350701 38.0238 -121.31008
11.84222921 17.45 16 3 0 0 0.000972893 37.977916 -121.3444
11.39639165 12 66 2 1 0 0.038459516 37.969008 -121.29888
11.68687877 16 19 3 0 0 0.037653917 38.042372 -121.327464
11.37939407 14 38 3 1 0 0.015930628 38.020316 -121.342352
11.69524702 17 15 3 0 0 0.006450073 38.035816 -121.358344
11.79810441 16 17 3 1 0 0.017915314 38.040856 -121.347992
11.96400108 20 51 3 0 0 0.027568507 37.974336 -121.312536
11.34922937 10 48 3 0 0 0.04002609 37.986608 -121.303856
11.68687877 18 73 3 0 0 0.026212437 37.96074 -121.308848
11.40756495 8 50 2 0 0 0.043569521 37.98556 -121.299672
11.15625052 11 19 3 1 0 0.072342496 38.028004 -121.284952
12.04355372 22 32 3 0 0 0.021524165 38.023988 -121.33776
11.50287513 16 20 3 0 0 0.026619237 38.039164 -121.338048
12.02275059 15 7 2 0 0 0.011236459 37.9901 -121.359976
11.7905572 19 9 4 0 0 0.059704998 38.01336 -121.292928
11.92171836 15 41 3 0 0 0.009843006 38.001824 -121.341872
11.87409031 15 16 3 0 0 0.000573334 37.978136 -121.344056
11.53272809 14 25 3 0 0 0.005627299 38.007556 -121.360576
12.56024446 24 18 3 0 1 0.012108789 38.00658 -121.367136
11.9823039 18 49 3 0 1 0.030814563 38.015508 -121.324624
12.25486281 21 22 4 0 0 0.02117982 37.99166 -121.325912
11.50287513 10 54 2 1 0 0.041167862 37.9783 -121.299496
12.30138283 22 19 3 0 0 0.01004006 38.0104 -121.366368
12.01370075 18 4 4 0 0 0.030141735 38.046144 -121.33692
11.58524613 13 16 3 1 0 0.036865319 37.968584 -121.300424
11.71095632 15 20 3 0 0 0.020144921 37.99502 -121.328288
11.35040654 10 47 3 1 1 0.015505378 37.978444 -121.326984
11.54151292 14 10 4 0 0 0.056028277 38.007468 -121.294632
11.28915672 12 49 2 1 0 0.007660093 37.961352 -121.328912
11.20504069 9 20 3 1 0 0.07802925 38.036068 -121.28192
11.40700924 9 49 2 1 0 0.015673705 37.972696 -121.324632
11.97665948 22 11 4 0 0 0.002980201 38.041772 -121.364304
11.91839057 23 10 5 1 1 0.003650373 38.04244 -121.36384
11.53272809 11 6 3 0 0 0.062378754 38.003564 -121.286368
11.39075783 11 43 3 0 0 0.013753612 38.001476 -121.33756
12.07254125 17 27 3 1 0 0.105908133 38.0423 -121.254472
11.45741276 12 51 3 1 0 0.009766895 37.972012 -121.330688
11.61457912 13 23 3 0 0 0.05072108 38.00522 -121.299456
12.52452638 25 6 4 0 0 0.013585768 37.97814 -121.357968
11.53272809 13 14 3 0 0 0.020729532 38.029552 -121.340712
11.28853113 9 45 2 0 0 0.015714261 38.001116 -121.335328
11.39639165 11 36 3 1 0 0.041867003 38.01576 -121.312904
11.30220443 10 46 3 0 0 0.037870456 37.983516 -121.304992
11.39075783 14 59 3 0 0 0.009176903 37.967252 -121.32952
12.10043431 23 32 4 0 0 0.020836853 38.023208 -121.3382
12.34800614 26 40 3 0 0 0.020608313 38.041848 -121.345488
11.69107165 17 43 4 0 0 0.040552075 38.002852 -121.309432
11.19821472 11 17 3 1 0 0.067685124 38.025816 -121.289104
11.49272276 11 72 2 0 0 0.015415575 37.961952 -121.320848
11.7977284 19 19 4 0 0 0.040588941 38.03702 -121.322304
11.30220443 9 19 3 0 0 0.076346216 38.031836 -121.28212
11.76679219 18 21 4 1 0 0.031532843 38.040976 -121.33348
11.66134547 14 20 3 1 0 0.020768329 37.995344 -121.327744
11.9511804 15 9 3 0 0 0.008392478 38.029032 -121.353704
10.94199592 8 81 3 0 0 0.04890048 37.979788 -121.291792
11.28915672 13 47 3 1 0 0.019116298 38.004876 -121.333112
11.90834024 22 9 3 0 0 0.060569948 37.997092 -121.285856
11.58988651 15 79 3 0 0 0.026889162 37.96384 -121.309296
11.48246626 10 3 3 0 0 0.068296186 38.007496 -121.281528
11.97665948 25 8 3 1 0 0.054547712 38.035332 -121.306744
11.31447453 12 49 3 0 1 0.007090759 37.96044 -121.329176
11.71586631 16 16 3 1 0 0.016257765 38.032716 -121.346688
11.61728548 15 22 3 1 0 0.038014264 38.036892 -121.325008
11.64395373 13 18 3 0 0 0.038018402 38.03756 -121.325256
11.4019939 12 73 2 0 0 0.019919036 37.958052 -121.31456
11.55214618 12 17 3 0 0 0.071180412 38.0161 -121.281696
11.59910316 14 24 3 0 0 0.010764376 38.02594 -121.35
11.7829526 14 5 3 0 0 0.016174032 38.056148 -121.355632
11.15625052 11 20 3 0 0 0.071538414 38.022596 -121.283768
11.7829526 14 6 3 0 0 0.014610838 38.054732 -121.356768
11.73566894 15 9 3 1 0 0.014453822 38.032736 -121.348624
11.66134547 14 82 2 0 0 0.035331266 37.971908 -121.30332
12.4292162 21 50 3 0 0 0.029891399 37.968332 -121.307784
12.09514108 16 2 3 0 0 0.008592533 37.9918 -121.357792
11.14186178 9 46 2 0 0 0.010133829 37.967264 -121.350168
11.27720313 11 33 3 1 0 0.042077438 38.031196 -121.318512
11.98292909 18 22 3 0 0 0.021204098 37.991644 -121.32588
11.46845097 11 72 2 0 0 0.018610212 37.960256 -121.316792
11.76756768 16 43 3 0 0 0.024334176 38.025184 -121.335208
11.28978191 13 52 3 1 0 0.060998785 37.973112 -121.276336
12.44901882 25 20 4 0 1 0.109002277 38.044448 -121.251976
11.88449592 22 20 4 0 0 0.02047892 38.033056 -121.342304
11.32357929 11 45 3 1 0 0.012642671 38.002652 -121.339192
11.9316358 25 69 3 0 0 0.028723901 38.02056 -121.328768
11.12726298 10 17 2 0 0 0.048869511 37.995028 -121.297584
10.91326863 8 57 2 0 1 0.050430533 37.980708 -121.290504
11.0806029 10 20 3 1 0 0.075049152 37.986672 -121.26644
12.23027733 19 21 3 0 0 0.009273258 38.0077 -121.364528
12.1278408 20 49 3 0 0 0.104380356 38.027816 -121.250632
12.31043266 21 26 4 0 0 0.105938067 38.0423 -121.25444
11.66134547 14 39 3 0 0 0.018776402 38.007704 -121.334544
11.90496755 21 19 4 0 0 0.036522353 38.040928 -121.328128
11.69524702 14 19 3 0 0 0.007005406 38.03292 -121.356656
11.44838694 12 26 3 0 0 0.049961037 38.027268 -121.3086
11.67801608 15 18 3 1 0 0.040782857 38.019764 -121.315576
11.13458902 11 48 2 0 0 0.07398494 37.956584 -121.256208
11.45105006 10 48 3 0 0 0.039258529 37.983124 -121.30336
12.05641187 26 9 4 1 0 0.000102631 38.034076 -121.364472
11.83500896 18 6 3 0 1 0.017914348 38.021228 -121.340576
10.97678203 8 52 2 0 0 0.049628485 37.986992 -121.293736
10.91508846 9 60 2 1 0 0.048874512 37.980392 -121.292048
11.60823564 17 34 3 0 0 0.047110435 38.01552 -121.307208
11.7905572 19 19 3 0 0 0.011707162 38.034048 -121.352056
11.2708539 11 27 3 1 0 0.051982381 38.015584 -121.302024
11.84222921 12 50 3 0 1 0.106191507 38.050088 -121.257112
11.67419361 18 21 4 0 0 0.03264806 38.038436 -121.331328
11.77490504 16 16 3 0 0 0.015305668 38.032436 -121.3476
11.77528973 18 81 2 0 0 0.034815006 37.970384 -121.303296
11.7829526 21 20 3 0 0 0.031992166 38.034908 -121.330696
12.42118403 23 2 4 0 0 0.012665708 37.972084 -121.354696
11.79433792 17 5 4 1 0 0.062112278 37.998576 -121.284768
11.84904049 17 13 3 0 0 0.0063422 38.042476 -121.360976
11.7109153 16 20 3 0 0 0.034543771 38.032028 -121.32688
11.56171563 17 77 4 0 0 0.028894056 37.963584 -121.307056
11.76756768 17 88 3 1 1 0.031613817 37.960968 -121.30316
12.20607265 23 45 3 0 0 0.020810196 37.965112 -121.360768
11.19134184 12 30 3 0 0 0.04965066 38.017096 -121.305088
12.25486281 21 31 3 0 1 0.003405934 38.003276 -121.356584
11.41861479 12 32 3 1 0 0.049803745 38.0293 -121.309536
11.50287513 11 38 3 0 0 0.045274351 38.013332 -121.308344
11.86709728 19 18 4 0 0 0.017014635 38.040044 -121.348648
11.26446411 12 49 2 1 0 0.018774919 37.979204 -121.323776
10.94199592 8 53 2 1 0 0.049034459 37.986116 -121.29404
11.65268741 13 56 3 0 0 0.018680564 37.974216 -121.321992
11.17745273 11 17 3 1 0 0.070900004 38.025384 -121.285504
11.89818787 20 9 4 0 1 0.061158491 38.0093 -121.28984
11.25803322 11 17 3 1 0 0.073348392 38.030892 -121.284968
11.91839057 17 6 3 0 0 0.014441545 38.05474 -121.356952
11.77528973 20 15 4 1 0 0.005458903 38.035616 -121.359328
11.35040654 13 29 3 0 0 0.048098226 38.017764 -121.307
11.6307085 14 42 3 1 0 0.002326376 37.963544 -121.340416
11.53272809 10 48 3 1 0 0.01340537 37.977944 -121.32904
11.2835123 8 46 2 1 0 0.018222759 38.003068 -121.333384
11.31447453 7 52 2 1 0 0.108275065 38.042052 -121.251848
11.88448902 18 44 3 0 0 0.011732647 38.003232 -121.340384
11.32055357 9 59 2 0 0 0.0105946 37.95928 -121.324992
12.12269104 17 18 3 0 0 0.007391997 37.994996 -121.341912
11.8493977 18 24 4 0 0 0.005705928 38.0129 -121.35048
11.71177632 14 47 3 0 0 0.008518836 37.974028 -121.332784
11.69524702 14 78 3 1 1 0.03701192 37.973 -121.301936
12.46458334 25 13 4 0 0 0.000780735 38.015212 -121.358288
11.10495723 10 49 2 1 1 0.00799361 37.959628 -121.327904
11.42409425 13 27 3 0 0 0.049924274 38.027164 -121.3086
11.44035477 11 21 3 0 0 0.029504808 38.034032 -121.333024
12.11450545 21 51 3 0 0 0.029491152 37.9748 -121.310656
11.22524339 9 49 2 0 0 0.069660877 37.975684 -121.268048
11.6351431 13 39 3 0 0 0.009194457 38.000328 -121.342
11.36789969 13 19 3 0 1 0.060343546 38.033712 -121.299936
12.07254125 22 48 3 0 1 0.029413282 37.971764 -121.309592
11.88448902 20 9 4 1 0 0.060455902 38.012224 -121.291696
11.80559508 18 21 4 0 0 0.037024887 38.031108 -121.32388
11.39639165 12 32 3 0 0 0.043572315 38.026872 -121.31528
11.5228758 11 27 4 0 0 0.035487902 38.0264 -121.323744
11.58988651 14 68 2 0 0 0.021769363 37.964832 -121.315144
12.15477935 16 30 3 0 0 0.004668029 37.999388 -121.356464
12.1281111 27 94 4 0 0 0.035035132 37.957648 -121.298248
11.86709728 21 12 3 0 0 0.061055481 38.008564 -121.289672
11.47210347 14 21 3 0 1 0.052258444 37.997396 -121.294856
11.2185544 11 19 4 1 0 0.076373908 38.031004 -121.281776
11.39639165 11.76 46 3 0 0 0.017387984 38.001892 -121.333832
11.35039477 12 36 3 0 0 0.042016259 38.02446 -121.316032
11.79244935 15 10 3 1 0 0.004965266 38.039364 -121.361272
11.4616427 10 8 2 1 0 0.075271278 38.025196 -121.28076
11.65702581 16 9 3 1 0 0.062347785 38.006652 -121.287568
11.69107165 17 29 4 0 0 0.046987491 38.027176 -121.311744
11.28915672 11 75 3 0 0 0.028434664 37.96112 -121.306616
11.26446411 12 75 2 1 0 0.028515155 37.961136 -121.306536
11.11914186 11 43 4 1 1 0.014790408 37.978856 -121.327904
12.13081016 27 13 6 0 0 0.01441468 38.03904 -121.351048
11.69524702 13 74 2 0 0 0.03977772 37.972716 -121.298872
11.60823564 11 9 3 0 0 0.070542036 38.01838 -121.28324
11.91772368 22 18 4 0 0 0.019210549 38.040032 -121.346296
11.9381932 18 20 4 0 0 0.020342217 38.033008 -121.342432
11.81265962 14 3 3 0 0 0.030211018 38.04634 -121.33692
11.58988651 14 10 4 0 0 0.060461903 38.012368 -121.291744
11.49272276 15 50 3 1 0 0.009656607 37.975172 -121.332
11.67419361 15 4 4 0 1 0.070053917 38.008552 -121.280048
11.17745273 10 23 3 1 0 0.070351293 38.0323 -121.288704
11.35919137 12 46 3 0 0 0.008604707 37.976388 -121.333584
12.27839331 19 3 2 0 0 0.012235388 37.980944 -121.357584
11.60823564 15 47 3 0 0 0.007685544 37.969236 -121.331864
11.99535161 18 8 3 0 0 0.000605993 38.041576 -121.366768
11.84581988 11 47 2 0 0 0.023653348 37.965356 -121.313328
11.40700924 11 18 3 0 0 0.073300318 38.030756 -121.284968
11.71586631 16 17 3 0 0 0.01111286 38.037236 -121.353896
11.91805718 18 88 3 1 0 0.046542756 37.97026 -121.290712
11.49272276 13 48 2 0 0 0.027370142 37.971192 -121.31156
12.27816072 21 16 3 0 0 0.013504759 37.999036 -121.336904
11.30220443 9 51 2 0 0 0.022405669 37.970464 -121.316592
11.1124479 10 89 3 1 0 0.039477724 37.96414 -121.295952
12.16982351 19 14 3 1 0 0.008935637 37.998876 -121.341728
11.52781408 13 23 3 0 0 0.002372622 38.011132 -121.358448
11.1844214 9 84 3 1 0 0.042099302 37.973864 -121.296824
11.86358234 19 20 4 0 0 0.006985369 37.994756 -121.342256
11.91505167 16 48 3 0 0 0.029202019 38.008448 -121.32368
11.2835123 10 40 3 1 0 0.037423031 38.0157 -121.317632
11.36210258 13 39 3 0 0 0.111318134 38.0492 -121.251296
11.33260191 13 41 3 1 0 0.02872566 37.984236 -121.31504
11.3083583 11 44 3 0 0 0.045528997 38.00768 -121.305936
12.18075484 23 53 3 0 0 0.013081268 37.96424 -121.324208
12.11724143 21 9 4 0 0 0.003844945 37.961852 -121.3414
11.57118494 13 49 3 0 0 0.006630747 37.97146 -121.333832
12.07254125 18 9 3 1 0 0.001332067 38.033828 -121.365912
11.6307085 16 21 3 0 0 0.03269472 38.038568 -121.331328
11.67674355 16 6 4 0 0 0.065260428 38.008096 -121.285
11.2708539 11 19 2 0 0 0.05873752 38.02612 -121.298784
11.01039864 10 69 2 1 0 0.018712671 37.956968 -121.31544
12.08672589 18 30 3 0 0 0.005035653 38.000084 -121.35712
11.51242534 14 31 3 0 0 0.047974592 38.030032 -121.311768
11.32055357 9 53 2 0 0 0.013315223 37.964796 -121.324168
11.81191833 14 4 3 0 0 0.008917842 37.965016 -121.328952
12.23076526 18 65 2 0 0 0.029958406 37.973412 -121.309632
11.38509209 10 49 3 0 0 0.040491517 37.988708 -121.304152
11.58058411 11 22 3 0 0 0.021824127 37.979256 -121.320536
11.45105006 10 9 3 1 0 0.075167923 38.0252 -121.280872
11.51292546 15 24 3 1 0 0.012196798 38.0276 -121.349096
11.65268741 17 16 4 1 0 0.019122747 38.028796 -121.342144
11.61728548 13 40 3 1 0 0.016997358 38.018528 -121.340536
11.77528973 17 73 3 0 0 0.025257167 37.96206 -121.310368
11.77143616 15 12 3 0 0 0.003216743 38.03808 -121.362656
11.49272276 10 14 2 0 0 0.000504741 37.99804 -121.351504
11.41861479 13 10 3 1 0 0.038387647 37.966116 -121.297864
11.58988651 12 34 3 0 0 0.041975255 38.016532 -121.31308
11.94470788 16 8 3 1 0 0.000005 38.039572 -121.366664
11.34450681 11 21 3 0 1 0.073387362 38.033204 -121.2858
11.60823564 16 35 4 0 0 0.011557664 38.015884 -121.345352
11.55214618 12 41 3 0 0 0.04761428 38.013304 -121.305832
11.36210258 11 20 3 0 0 0.072449852 38.022888 -121.282904
12.01370075 23 39 4 0 1 0.005881808 38.003532 -121.346752
11.6307085 16 18 3 0 0 0.003828322 38.034708 -121.360728
11.51292546 15 30 3 0 0 0.049713942 38.0293 -121.309632
11.4019939 9 46 2 0 0 0.014151688 37.972328 -121.32612
11.44035477 11 47 3 0 1 0.040027194 38.004204 -121.310504
11.58988651 12 51 2 1 0 0.026652586 37.974116 -121.313432
11.6784399 14 14 3 0 0 0.01559318 37.984472 -121.329168
11.55214618 15 31 3 0 0 0.044347635 38.023688 -121.313248
11.66992921 15 10 3 0 0 0.064039199 38.007224 -121.285976
11.74006104 19 9 4 0 0 0.059499529 38.011572 -121.292472
11.64131868 17 84 4 0 0 0.028394729 37.963484 -121.307552
11.77528973 14 3 4 0 0 0.06688587 38.008312 -121.283344
11.58058411 13 44 3 0 0 0.011964292 37.9788 -121.330904
11.57119437 15 59 3 1 1 0.023680144 37.971656 -121.31568
11.98261655 19 15 4 0 0 0.031145459 38.035032 -121.331648
11.47210347 9 47 3 0 0 0.006719756 37.969936 -121.347528
11.51292546 16 41 3 0 0 0.01529815 38.019056 -121.342552
11.35040654 12 18 3 0 0 0.071311908 38.016472 -121.281696
11.89818787 20 18 4 0 0 0.017282628 38.037436 -121.347376
11.53272809 11 48 3 1 0 0.016999979 37.977316 -121.32496
11.84904049 18 46 4 0 0 0.038366645 38.003804 -121.312128
11.9381932 23 19 4 0 0 0.019786988 38.03438 -121.343544
11.25803322 11 17 3 0 0 0.048978281 37.995124 -121.297504
12.04060821 21 52 3 0 0 0.004846185 37.968504 -121.344984
11.36210258 12 51 3 1 0 0.015991634 37.977512 -121.326112
11.73606902 15 16 3 0 0 0.019449091 38.029444 -121.34204
11.82041016 18 66 3 0 0 0.01775947 37.968604 -121.320856
12.27839331 27 8 5 0 1 0.031324718 38.054868 -121.338952
11.87756858 20 15 3 0 0 0.030918884 38.034264 -121.3316
11.43496392 14 35 3 1 0 0.043664979 38.01422 -121.3104
11.28978191 10 24 3 0 0 0.007306609 37.959484 -121.328584
11.61728548 17 74 2 0 0 0.031596022 37.966168 -121.305144
11.9381932 17 65 3 0 1 0.020511682 37.964492 -121.31636
11.27720313 11 44 3 0 0 0.046592934 38.007112 -121.304584
11.9511804 19 40 4 0 0 0.019795023 38.008024 -121.333576
11.3736634 12 22 3 0 0 0.04581413 38.029488 -121.313872
11.39075783 11 22 3 0 0 0.069206107 38.035348 -121.29108
12.52452638 28 74 4 0 1 0.037100826 37.974056 -121.30224
11.81303006 16.75 16 3 0 0 0.005039894 37.99554 -121.344632
11.2185544 10 23 3 0 0 0.070351293 38.0323 -121.288704
11.2515607 12 21 3 1 0 0.067867729 38.022416 -121.287624
11.75194237 18 12 4 0 0 0.011421857 38.041688 -121.355248
11.84904049 16 19 3 0 1 0.0063432 37.980872 -121.337696
11.8277362 21 10 4 0 0 0.055057661 38.029132 -121.303856
11.41861479 14 23 3 0 1 0.007286952 38.0251 -121.3534
11.27720313 10 40 3 0 0 0.037431618 38.015068 -121.317384
11.32055357 10 48 3 0 0 0.018227587 37.979688 -121.324544
11.48246626 10 63 2 0 0 0.013263114 37.9616 -121.323016
11.3736634 9 79 2 1 0 0.023972346 37.96484 -121.312792
11.62625415 14 76 3 0 0 0.030306028 37.960952 -121.304552
11.65918797 15 19 3 0 0 0.013925492 38.033676 -121.349544
11.31447453 12 41 3 0 0 0.034147214 38.013652 -121.32036
12.12269104 17 31 3 0 0 0.003405865 38.00226 -121.3562
11.75587164 13 34 3 0 0 0.000890988 38.00292 -121.351856
12.06968002 17 16 3 0 0 0.00156347 37.979188 -121.345512
12.13350195 25.42 10 5 0 0 0.00384091 38.03938 -121.36248
11.53761808 13 15 3 0 0 0.040977705 38.019172 -121.315144
11.10495723 10 84 2 0 0 0.031155942 37.956116 -121.301816
11.2185544 12 38 3 1 0 0.010271188 37.961456 -121.32616
11.85651517 23 33 4 1 0 0.000423216 37.975872 -121.34304
11.15482093 10 41 3 0 0 0.06857868 37.974205 -121.268646
11.88448902 17 79 3 0 1 0.036967364 37.971392 -121.301376
11.76368418 18 68 3 1 1 0.026306102 37.964604 -121.310208
11.54248427 13 21 4 0 1 0.069578765 38.023848 -121.286336
12.46843691 25 45 3 0 0 0.022513783 37.964188 -121.36224
11.66992921 17 52 3 0 0 0.031786283 37.971512 -121.30696
11.57119437 13 26 3 1 0 0.01466643 38.026584 -121.346072
11.39639165 10 72 2 0 1 0.011058544 37.960656 -121.325016
11.51292546 14 71 3 0 0 0.028623373 37.96502 -121.307888
11.3736634 10 40 3 0 0 0.035351544 38.014328 -121.319328
11.82407989 14 4 3 0 0 0.090223289 38.021872 -121.26352
11.79433792 18.23 74 3 0 0 0.02438394 37.974388 -121.31596
12.56024446 29 18 3 1 1 0.09995218 38.02598 -121.254672
11.66992921 15 20 3 1 0 0.022163541 38.036488 -121.3418
12.5776362 26 19 3 0 0 0.012364677 38.006216 -121.367272
11.86428631 23 39 3 1 0 0.036800795 38.005048 -121.314272
11.22390917 12 47 3 0 0 0.004080279 37.970332 -121.344856
11.35040654 9 48 2 0 1 0.008444725 37.969436 -121.331128
11.35040654 11 79 2 0 0 0.013213385 37.957204 -121.321408
11.26446411 11 39 3 1 0 0.052201714 38.008456 -121.299096
12.62642637 27 6 4 0 0 0.018122093 37.980952 -121.36388
12.27839331 19.91 18 3 0 0 0.00865085 37.998896 -121.34204
12.27839331 26.83 3 5 0 0 0.024184713 38.054252 -121.346352
11.97665948 21.88 74 3 0 0 0.036805037 37.972944 -121.302136
11.77528973 15.64 7 3 1 0 0.022817918 38.045876 -121.344648
11.69483027 14.62 58 3 1 0 0.03258364 37.97616 -121.307864
11.40756495 11.58 21 3 0 0 0.070249455 38.02384 -121.285616
11.12726298 8.03 11 2 0 0 0.084194673 37.978756 -121.253672
12.27839331 32.78 41 4 1 0 0.029625441 37.97048 -121.30888
11.22524339 9.65 48 3 0 1 0.008235842 37.960652 -121.328032
11.73606902 17.25 32 3 0 0 0.020797263 38.023096 -121.3382
12.10430013 22.69 29 5 1 0 0.032448316 38.026968 -121.327208
12.17018637 17.64 38 3 1 1 0.020476679 38.041772 -121.3456
11.80110741 15.52 20 3 0 0 0.009382959 38.033316 -121.354264
11.12726298 8.16 87 2 0 0 0.010698852 37.957352 -121.324152
12.68230682 26.38 3 4 0 1 0.01351176 37.97818 -121.357904
11.25803322 9.99 59 2 1 0 0.02010033 37.956596 -121.313816
11.28978191 13.28 68 2 1 0 0.02403049 37.9642 -121.312488
11.32055357 10.77 60 2 0 0 0.016414367 37.960988 -121.319416
11.55214618 15.41 26 4 0 1 0.054404318 38.024468 -121.302792
11.54248427 9.95 57 2 0 0 0.041943045 37.977148 -121.298232
11.67419361 14.24 59 3 1 0 0.042682982 37.990864 -121.302624
11.71177632 14.31 24 3 0 0 0.011068717 38.026928 -121.350048
12.05815252 20.61 43 3 0 0 0.013327707 38.004844 -121.339288
11.66950177 11.97 36 3 0 1 0.110174569 38.0466 -121.251536
11.607781 12.42 14 3 1 1 0.001528018 37.998596 -121.352808
11.8493977 16.44 19 3 0 1 0.037618189 38.040916 -121.326952
12.07254125 18.71 28 3 0 0 0.007207875 37.995262 -121.35762
11.88448902 22.26 19 4 1 0 0.008429689 38.033816 -121.355472
12.27816072 19.31 42 3 0 1 0.013094717 38.00482 -121.339528
11.81303006 16.36 43 3 0 0 0.027350657 38.021248 -121.330496
12.19602231 24.06 27 4 0 0 0.00628916 37.995564 -121.356752
11.32659589 11.03 58 2 1 0 0.026622134 37.970452 -121.31208
11.32659589 8.89 48 2 1 0 0.040796169 37.98686 -121.303128
12.01370075 15.16 31 3 1 1 0.003390312 38.002304 -121.3562
11.64395373 14.09 34 3 1 0 0.011582804 38.016188 -121.34544
11.65702581 13.95 18 3 0 0 0.029812771 38.035496 -121.333248
11.68266824 10.76 5 3 0 0 0.006844562 37.989928 -121.355216
11.96081129 19.94 8 3 0 0 0.02566076 38.05648 -121.345616
12.34583459 21.86 11 3 0 1 0.000478877 38.014584 -121.357728
11.50034668 10.64 0 3 1 0 0.011937358 37.959776 -121.323744
11.50791292 12.43 49 2 0 0 0.012792721 37.97276 -121.327736
12.20582261 23.72 23 5 0 0 0.005141043 38.0127 -121.362
12.5776362 28.77 12 4 0 0 0.010598221 37.998816 -121.339928
11.40700924 11.12 50 2 1 0 0.016228348 37.966072 -121.321536
11.75587164 12.93 44 3 0 1 0.042264905 38.003908 -121.308
11.80559508 16.65 32 3 0 0 0.00005 38.001388 -121.352176
11.27720313 10.47 48 2 0 0 0.003079108 37.966432 -121.342312
12.11724143 18.85 7 4 0 0 0.014456684 38.055672 -121.357288
12.5998025 23.9 3 4 0 0 0.012833105 37.973664 -121.355472
11.75194237 11.88 15 3 0 0 0.003512497 37.994972 -121.35356
11.74324322 16.44 20 3 1 0 0.033470627 38.031956 -121.328
11.51242534 15.11 15 3 1 0 0.039758304 38.04172 -121.324968
11.8277362 20.26 57 3 0 0 0.022007008 37.973528 -121.318176
11.73566894 18.77 20 3 0 0 0.040661052 38.037224 -121.322304
11.65225253 11.01 48 3 0 0 0.029360069 38.009128 -121.323768
11.8702502 17.7 45 4 0 0 0.025113187 38.016252 -121.331
11.84904049 15.22 38 3 0 0 0.01269447 38.015628 -121.34404
11.76756768 12.9 83 2 1 0 0.033329578 37.970924 -121.305088
11.66564655 13 39 3 0 0 0.046004218 38.001784 -121.3032
12.38002595 26.17 21 5 0 0 0.007438036 38.011304 -121.363928
11.70354582 14.61 18 3 1 1 0.0155888 37.984248 -121.329088
11.89818787 21.17 22 3 0 0 0.019463368 37.994468 -121.328808
11.22390917 10.1 50 3 1 0 0.019806162 37.977612 -121.322072
11.77143616 17 14 3 0 0 0.01538771 38.033028 -121.347736
12.40901349 22.42 8 3 0 0 0.012201557 37.980828 -121.357504
11.58524613 11.87 73 2 0 0 0.028375831 37.964976 -121.308136
11.9511804 17.21 19 3 0 0 0.001750213 37.983656 -121.3474
12.43916653 25.15 74 5 1 1 0.03252929 37.973868 -121.307056
11.6784399 16.98 20 3 0 0 0.025747597 38.039408 -121.339072
11.7905572 18.9 9 4 1 0 0.06458091 38.012292 -121.287312
11.71177632 15 24 3 0 1 0.012169933 38.027524 -121.349096
11.57119437 10.74 81 2 0 1 0.034853493 37.971128 -121.303536
11.62177987 15.52 19 3 0 1 0.00719946 38.033596 -121.356704
11.48760766 10.4 73 2 1 0 0.035397928 37.969916 -121.302496
11.54248427 15.35 79 2 0 1 0.034033961 37.96502 -121.302104
11.60823564 10.56 37 3 1 0 0.108861297 38.0475 -121.25328
11.53761808 14.42 27 3 1 0 0.048393428 38.024908 -121.309384
11.28915672 11.62 51 2 0 0 0.023783534 37.963332 -121.312424
11.65268741 13.1 5 3 0 1 0.090226117 38.02188 -121.26352
11.38509209 11.53 23 3 0 0 0.049927688 38.024612 -121.307632
12.33929149 20.68 34 4 0 1 0.021916033 37.964884 -121.361864
11.76368418 16.04 9 3 0 0 0.059655993 38.013052 -121.292864
11.68687877 14.16 62 3 1 0 0.036941603 37.975892 -121.303104
11.73606902 16.42 24 3 0 0 0.032321337 38.030356 -121.328624
11.58524613 16.24 39 2 0 0 0.043521861 38.001028 -121.305568
11.28978191 11.2 75 2 1 0 0.01510644 37.958664 -121.319936
11.71095632 16.44 21 3 0 0 0.03819011 38.029768 -121.322128
11.46163217 12.01 52 3 0 0 0.017943868 37.970904 -121.321528
11.15625052 10.54 42 3 1 0 0.077188129 37.957368 -121.25308
11.51242534 12.29 51 3 0 0 0.012945288 37.974356 -121.328176
11.16542261 7.12 63 2 1 1 0.073842925 37.983556 -121.266552
11.96718074 22.38 18 4 0 0 0.017326357 38.03214 -121.345328
11.72803684 12.35 43 4 0 0 0.020282314 38.01876 -121.337112
11.76756768 16.01 39 4 0 0 0.044839651 37.999548 -121.3036
11.20504069 9.6 24 3 1 0 0.052637379 38.013224 -121.300432
11.62625415 15.63 8 3 0 0 0.053889541 38.028876 -121.305008
11.27720313 11.39 48 2 1 0 0.010726269 37.977076 -121.331576
11.55214618 17 40 4 1 1 0.028386487 37.98334 -121.315064
12.04325956 20.83 51 4 0 0 0.027129979 38.023016 -121.3314
11.99380721 18.64 60 3 1 0 0.03504465 37.975416 -121.304952
12.00456827 18.67 13 3 0 0 0.012418235 38.039828 -121.35348
11.73206099 11.88 15 2 1 0 0.000334345 37.996532 -121.350752
11.82114519 16.78 68 3 0 0 0.038721819 37.979912 -121.30272
11.47210347 15.45 23 3 0 0 0.008833213 38.024224 -121.351416
11.35040654 14.58 19 3 0 1 0.056096008 38.028788 -121.302616
11.68266824 11.21 52 2 0 0 0.026654551 37.968596 -121.311344
11.70354582 13.45 44 3 1 0 0.015522724 38.006756 -121.337664
11.54151292 17.97 50 3 1 1 0.018834649 37.977764 -121.323168
11.6784399 16.53 37 3 0 0 0.010026576 38.01892 -121.348136
11.13458902 9.71 79 2 0 0 0.047335492 37.97788 -121.292744
11.73606902 12.78 43 3 0 0 0.021393117 38.019616 -121.336248
11.62625415 15.51 21 3 0 0 0.036516801 38.037652 -121.326896
11.58058411 16.08 37 3 0 0 0.048034978 38.000712 -121.300624
12.04355372 26.78 9 5 0 0 0.053666105 38.030488 -121.305856
11.27657002 8.16 64 2 1 0 0.019303938 37.968972 -121.319344
11.38509209 9.48 48 2 0 0 0.012531108 37.977736 -121.329896
11.5228758 10 39 3 0 1 0.014481307 38.019328 -121.343528
11.15625052 10.82 49 2 0 0 0.076684354 37.963776 -121.25604
11.8493977 23.89 30 5 1 1 0.033184184 38.026848 -121.326376
11.66992921 13.53 62 2 1 1 0.034120935 37.97022 -121.303976
12.10071213 22.69 11 4 0 1 0.009679093 38.039764 -121.356384
11.7905572 11.67 70 2 1 1 0.033384446 37.969936 -121.304656
11.86358234 14.03 61 2 0 0 0.035101277 37.975428 -121.304896
11.35627165 12.31 24 3 0 0 0.069370951 38.0323 -121.289752
11.53272809 9.02 15 2 1 1 0.002976132 38.018888 -121.362024
11.91170158 15.7 28 3 1 0 0.000122288 38.000244 -121.351928
11.43171541 14.05 25 3 1 1 0.003511186 38.007784 -121.3584
11.58524613 14.44 9 3 1 0 0.074973213 38.024628 -121.280864
11.8913619 18.66 19 4 0 0 0.020247241 38.038032 -121.344432
11.92171836 19.02 62 3 0 0 0.033601572 38.023096 -121.324512
11.41861479 11.03 42 3 0 1 0.007042099 37.969808 -121.332768
11.58058411 15.6 17 3 1 1 0.015914247 38.030728 -121.346304
11.70354582 14.14 34 3 0 0 0.011031369 38.015496 -121.345768
11.50287513 12.04 27 3 1 1 0.001255749 38.007644 -121.355936
11.77528973 18.32 24 4 0 0 0.037807657 38.03364 -121.324
11.25544923 9.57 46 2 1 1 0.018076744 38.003036 -121.333528
12.27839331 20.64 17 3 0 1 0.012740716 37.996684 -121.336832
11.65355659 14.39 23 3 0 0 0.012374299 38.025604 -121.348152
11.15610765 9.96 48 2 1 1 0.005079588 37.960276 -121.331264
11.69524702 13 62 2 0 1 0.027804634 37.970664 -121.310896
11.86358234 18 9 4 0 0 0.053441875 38.029028 -121.305544
11.38452375 9.57 46 2 1 0 0.017868102 38.00198 -121.333352
11.71177632 15.06 40 3 1 1 0.024642794 38.017864 -121.332112
11.6784399 15.99 74 2 1 1 0.032891516 37.969997 -121.305206
12.95984445 34.47 19 3 1 0 0.009484142 37.991536 -121.338368
11.9511804 16.76 35 3 0 0 0.000597613 38.003572 -121.352416
11.62580762 13.19 37 3 0 0 0.046461162 38.000388 -121.302184
11.81303006 12.17 5 3 0 0 0.004802767 37.990348 -121.353192
11.4295982 12.15 21 3 1 0 0.072100575 38.029352 -121.28572
11.00209984 10.14 48 3 1 1 0.042999118 37.987376 -121.300968
12.1281111 23 22 4 0 0 0.018595004 37.99506 -121.32996
11.88379913 22.93 20 4 0 0 0.018260245 38.032432 -121.34444
11.74403719 13.19 6 3 0 0 0.052656967 38.031084 -121.30716
12.34147728 21.4 38 3 0 0 0.004349893 38.004004 -121.348568
11.62625415 16.01 38 3 1 1 0.011382853 37.965276 -121.350752
11.38361373 10.23 48 3 0 0 0.000808496 37.970188 -121.341304
11.81303006 15.57 39 3 0 0 0.014984083 38.020708 -121.343512
11.93147131 17.66 8 3 1 1 0.000595302 38.04108 -121.366592
11.27720313 11.93 45 2 1 1 0.058782524 37.986404 -121.283728
11.8913619 19 41 3 0 1 0.018149165 38.020368 -121.34
11.43496392 9.9 75 2 0 1 0.034504595 37.967664 -121.3026
11.51242534 11.04 47 3 0 1 0.042878278 38.006236 -121.308224
11.88793137 16.4 3 4 0 1 0.069109131 38.009944 -121.281584
11.86182022 21.86 9 4 1 1 0.006949158 38.029056 -121.355256
12.18586994 17.75 35 3 0 1 0.106898303 38.039004 -121.252168
11.73606902 13.28 19 3 0 1 0.007478454 37.980908 -121.336496
12.15451616 23.05 25 3 0 0 0.000800875 38.002008 -121.35332
11.81672692 20.13 24 4 0 0 0.008392237 38.02738 -121.35308
12.27839331 21.71 24 2 0 0 0.043285837 38.052652 -121.325328
11.31447453 11.63 50 3 0 0 0.010176419 37.972112 -121.330288
12.57418197 28.41 27 4 0 1 0.007677026 37.995512 -121.358216
11.72399644 16.78 10 3 1 1 0.064840661 38.014784 -121.287976
11.42954386 11.87 21 3 1 0 0.018878998 37.971136 -121.320616
12.25486281 21.27 50 2 0 0 0.027179846 37.96896 -121.31092
11.97665948 25.47 3 5 0 0 0.05203249 38.033488 -121.308736
11.32659589 10.4 17 3 0 0 0.074174339 38.03018 -121.283816
12.07823927 20.77 9 4 0 1 0.06409993 38.011884 -121.287672
11.40756495 12.3 74 2 0 1 0.041876245 37.97336 -121.296872
12.80765263 32.33 6 4 0 0 0.01286797 37.978604 -121.357376
11.90834024 14.52 37 3 0 1 0.00642207 38.003028 -121.345984
11.62625415 16.64 52 3 0 1 0.016234038 37.96558 -121.321344
12.41714362 21 19 3 0 1 0.013102339 37.989768 -121.333832
11.40700924 12.54 45 3 0 0 0.01190063 38.002564 -121.339952
12.4292162 22.33 61 3 0 0 0.031717207 37.972608 -121.307448
11.97665948 22.73 9 3 0 0 0.061758725 37.998592 -121.285152
11.72318639 14.34 46 3 0 0 0.010350403 37.964132 -121.349216
11.60823564 12.24 40 3 0 0 0.024729665 38.01938 -121.332592
11.28853113 13.21 45 3 1 0 0.007721272 37.976768 -121.334672
12.44114477 35.57 19 6 1 1 0.011655674 38.008624 -121.367424
11.58058411 16.42 31 3 0 0 0.045999218 38.02944 -121.313656
11.14186178 11.18 45 3 0 0 0.069649152 37.97654 -121.268384
11.96718074 16.77 46 3 0 1 0.028074179 38.01724 -121.328208
11.69524702 15.9 17 3 1 1 0.038463896 38.0399 -121.325664
11.6784399 13.18 24 3 0 0 0.005847563 37.965036 -121.344744
11.99843328 17 17 3 0 0 0.00275304 37.978956 -121.346696
11.45423647 13.14 49 3 1 1 0.029628717 38.021172 -121.328032
11.68687877 14.27 11 3 0 0 0.004098281 38.036996 -121.361304
11.77528973 19.89 22 4 1 1 0.006331406 38.0192 -121.352192
12.25486281 21.24 18 4 1 1 0.011320019 37.983752 -121.333464
11.32055357 11.07 48 2 0 1 0.01096143 37.976344 -121.331048
11.33857208 11.05 52 2 1 0 0.022243411 37.967528 -121.315656
11.33857208 13.54 75 2 1 1 0.027182812 37.959992 -121.307528
11.43496392 9.58 53 2 0 0 0.013671776 37.964852 -121.323808
11.67419361 11.18 49 3 0 0 0.028609096 38.010412 -121.325056
11.73566894 16.95 20 3 0 0 0.035912118 38.040112 -121.328472
11.45105006 12.49 21 3 0 0 0.072856618 38.0237 -121.282776
11.7745202 16.45 9 4 1 0 0.076179854 38.027724 -121.280744
11.32659589 9.39 48 2 0 0 0.021078361 38.00452 -121.33088
11.56171563 11.96 28 4 0 0 0.035420551 38.0264 -121.323816
12.23076526 21.23 20 4 0 0 0.008191768 37.982312 -121.336264
11.96400108 16.16 52 3 1 1 0.02729003 37.974268 -121.312808
12.15477935 22.62 9 4 0 0 0.000914645 38.033908 -121.365496
11.99843328 17.58 51 2 1 0 0.028723763 38.01044 -121.324944
12.09514108 25.33 1 4 0 0 0.023984623 38.053072 -121.34612
11.47210347 12.79 77 2 0 0 0.025752011 37.95876 -121.308592
11.56171563 15.48 14 3 0 1 0.020553997 38.030368 -121.341208
11.95440101 17.96 5 4 0 0 0.001452769 38.036768 -121.367152
11.40756495 14.22 20 2 0 1 0.059736449 38.02486 -121.29724
11.72803684 15.38 16 4 0 1 0.019433089 38.02906 -121.341912
11.28978191 9.6 16 3 0 1 0.049264586 37.996188 -121.2976
11.450518 10.64 0 3 1 1 0.079082323 37.98286 -121.260688
11.28978191 9.6 16 3 0 1 0.049245963 37.99622 -121.297632
11.56646623 13.5 34 3 0 0 0.047006183 38.015712 -121.307392
11.26446411 9.6 70 2 0 0 0.065134484 37.973676 -121.272128
11.92503512 20 9 4 1 0 0.061488628 38.010488 -121.289936
11.76368418 13.92 36 3 1 1 0.002484909 38.002092 -121.355152
11.2245765 9.86 71 2 1 0 0.046004184 37.978856 -121.294536
11.54248427 10.42 6 3 0 1 0.053080942 38.030992 -121.306672
11.83500896 14.65 3 3 0 0 0.030195465 38.046296 -121.33692
11.34805082 14.16 75 2 0 1 0.028570264 37.956592 -121.30476
11.8277362 17.3 21 3 0 0 0.037965466 38.029196 -121.322152
11.74403719 16.44 19 3 0 0 0.037495349 38.042368 -121.327632
11.39075783 11.55 20 3 0 0 0.074948659 38.033916 -121.2844
11.35040654 11.88 43 3 1 1 0.045308527 38.009872 -121.307
11.27720313 11.18 76 2 1 0 0.030548915 37.956664 -121.302672
11.22524339 10.64 42 3 0 1 0.00781535 37.96412 -121.329792
11.16336799 11.23 59 2 0 1 0.059288576 37.974244 -121.278592
11.55214618 12.66 74 2 0 0 0.036895081 37.970256 -121.301024
11.91839057 18.85 9 4 0 0 0.061379997 38.016172 -121.2922
11.66992921 16.87 22 3 1 0 0.004337719 38.027088 -121.357304
11.3707857 12.28 21 3 0 1 0.074016184 38.035364 -121.285944
11.27720313 11.2 21 3 0 1 0.07095532 38.029076 -121.28684
11.15625052 10.49 56 2 0 0 0.075349597 37.969548 -121.259648
11.84904049 21.84 21 4 0 1 0.032585433 38.03828 -121.331336
12.60115066 29.04 2 4 0 1 0.023742012 37.976168 -121.36808
11.68687877 18.22 41 3 1 0 0.018116231 38.019428 -121.33968
11.56171563 11.53 58 2 0 1 0.033965264 37.970944 -121.304416
12.02574909 17.45 44 3 1 1 0.014721401 38.004976 -121.337848
11.1844214 11.62 81 2 1 0 0.045874929 37.980184 -121.295176
11.84222921 14.93 3 3 0 1 0.005354064 37.990228 -121.353736
11.10495723 7 73 2 0 1 0.061429346 37.97234 -121.275584
11.7977284 18.77 17 3 0 0 0.041427682 38.040536 -121.322736
11.99535161 14.52 39 3 0 1 0.0080651 38.000224 -121.343168
11.29694371 11.12 37 3 1 0 0.041646256 38.01594 -121.313208
12.15477935 25.54 17 4 1 1 0.0147114 37.983904 -121.329896
11.81303006 15.52 12 3 0 0 0.015034847 38.0333 -121.348216
11.91839057 18.76 45 3 0 0 0.025453291 38.025132 -121.333992
11.47729829 12.7 51 2 0 1 0.020544306 37.970872 -121.318736
11.53761808 17.46 32 4 1 0 0.046724361 38.018048 -121.308576
12.32607544 25.64 44 3 0 0 0.022261447 37.963928 -121.361872
11.91839057 17.66 4 3 1 0 0.013588458 38.056836 -121.358656
11.6784399 15.33 10 3 0 1 0.063589395 38.007624 -121.286608
11.65268741 19.01 33 4 0 0 0.047981869 38.014852 -121.306024
11.97571564 26.27 23 5 0 0 0.005998337 38.011716 -121.34972
11.89818787 14.28 6 3 0 1 0.014269458 38.0551 -121.357272
12.31268238 21.58 27 4 0 1 0.00701151 37.997924 -121.358416
11.8913619 21.34 21 4 0 0 0.037954154 38.029164 -121.322152
11.77528973 19.84 19 4 1 1 0.00572762 38.032756 -121.35796
11.77528973 20.41 74 5 0 1 0.041373504 37.973208 -121.297352
12.5776362 28.19 16 4 0 0 0.011077753 37.996256 -121.338448
11.70064907 14.47 26 3 1 0 0.020538961 38.027912 -121.340296
11.62401951 16.88 11 3 0 1 0.071145788 38.026164 -121.285536
11.30220443 11.43 18 3 1 0 0.076590689 38.03022 -121.281248
11.31447453 10.12 49 4 1 0 0.015630114 37.977696 -121.326568
12.07254125 22.1 14 4 0 1 0.020110641 38.038196 -121.34464
11.68687877 15.02 3 4 0 1 0.06963822 38.007376 -121.280048
11.65268741 15.52 22 3 0 0 0.031139872 38.036604 -121.332248
12.20607265 17 17 3 0 1 0.009849179 37.995956 -121.339648
11.49272276 14.9 24 3 1 1 0.006069586 38.028092 -121.355832
10.858999 7.18 51 1 1 1 0.044177239 37.973984 -121.294648
11.84222921 16.9 3 4 0 1 0.068138618 38.007516 -121.281704
12.04941884 19.9 33 3 0 1 0.021301384 38.015948 -121.33496
11.58524613 14.52 25 3 1 1 0.014677741 38.026616 -121.346072
11.69940503 15.18 9 3 0 1 0.014462719 38.03274 -121.348616
11.5228758 13.51 48 3 0 1 0.004492218 37.965864 -121.343608
11.14475614 8.32 50 2 1 1 0.02387944 37.965424 -121.313112
11.9511804 17.41 40 3 0 0 0.024245685 38.011088 -121.329976
11.84222921 18.9 9 4 0 0 0.064594222 38.012372 -121.287328
11.9511804 14.79 52 3 0 0 0.027676518 37.969984 -121.310776
12.25486281 20.54 17 4 0 1 0.00308935 37.97756 -121.346528
11.9316358 25.72 19 4 0 0 0.006004096 38.032776 -121.357672
11.87756858 21.16 11 4 1 1 0.015102888 38.033556 -121.34824
12.09514108 23.23 68 4 0 1 0.020785503 37.964568 -121.316096
11.83500896 15.83 9 3 0 1 0.012119894 38.031172 -121.350528
11.90496755 13.46 77 2 0 1 0.037102723 37.973024 -121.301848
11.56171563 15.05 25 3 0 0 0.049987453 38.0244 -121.307488
12.40901349 26.06 31 4 0 0 0.011392509 38.013956 -121.3448
11.87059991 17.58 23 3 0 1 0.006973713 38.01456 -121.349752
11.38509209 11.65 44 4 1 1 0.015933594 37.9801 -121.327152
11.21182037 11.8 59 2 1 1 0.044852308 37.980636 -121.29644
11.54829261 16.82 30 4 0 1 0.04780085 38.028736 -121.311464
11.41696507 10.64 0 3 1 1 0.077134331 37.974724 -121.259696
11.33857208 9.6 20 3 0 1 0.074779262 38.033712 -121.284504
11.66992921 17.58 21 3 0 0 0.052265927 37.997396 -121.294848
11.4019939 11.58 22 3 0 0 0.065644501 38.02288 -121.290176
11.84868316 22 22 4 0 1 0.03835961 38.030184 -121.322104
11.73606902 12.57 23 3 0 1 0.004726931 37.990484 -121.343056
11.97035031 22.26 20 4 0 1 0.021042599 38.037424 -121.343352
11.36210258 12.23 31 3 0 1 0.049286381 38.031012 -121.310736
12.46071486 27.07 53 3 0 1 0.034718858 37.978792 -121.306576
11.94145585 22.26 20 4 0 1 0.02647105 38.040756 -121.338808
11.31447453 13.91 44 3 0 0 0.028702381 37.983408 -121.314752
12.25247902 18.95 7 3 0 1 0.009717959 37.988468 -121.357736
12.51539389 26 30 5 0 1 0.005605573 37.99826 -121.35704
11.88448902 18.32 20 4 0 1 0.035118209 38.033272 -121.326736
11.39075783 12.86 43 3 1 1 0.001580955 37.964192 -121.339864
11.69524702 14.7 3 3 1 1 0.065944566 38.00874 -121.284512
11.11332811 11.04 46 3 1 1 0.001481358 37.969216 -121.341656
12.8346813 33.01 44 3 0 1 0.028657825 38.01652 -121.327312
11.77143616 15.16 30 3 0 0 0.012363298 38.01666 -121.344784
12.14950229 17.23 7 3 0 1 0.010009575 37.988384 -121.358016
11.33738089 11.63 52 2 1 1 0.020393774 37.96708 -121.317464
11.72803684 14.55 8 4 0 1 0.075409741 38.026244 -121.281008
11.70354582 12.24 39 3 1 1 0.012911906 38.01908 -121.345112
11.67419361 14.33 19 3 1 1 0.004598677 38.032632 -121.35912
12.52452638 23.25 5 4 0 1 0.018785196 37.979436 -121.364016
11.46163217 13.72 73 3 1 1 0.023032733 37.96468 -121.313736
11.98292909 21.4 22 3 0 0 0.009169765 37.988212 -121.337448
11.49781183 12.71 19 3 0 1 0.063326333 38.033936 -121.296832
11.58058411 14.66 38 3 1 1 0.038461517 38.014192 -121.315952
11.40756495 14.9 20 3 0 1 0.072534826 38.0237 -121.28312
11.91839057 14.98 71 3 0 1 0.038581874 37.979876 -121.302856
11.94470788 12.95 58 2 0 0 0.03867878 37.975916 -121.301256
12.15477935 23 49 3 0 1 0.028704864 37.974608 -121.311424
11.42954386 10.04 52 3 1 1 0.020847199 37.972364 -121.318976
11.12726298 11.96 28 4 1 1 0.035887564 38.026832 -121.32348
11.62892914 13.3 8 3 0 1 0.061927811 38.003368 -121.286776
11.56171563 15.25 50 3 1 1 0.042851586 37.985392 -121.300376
12.27139211 23.25 6 4 0 1 0.007610847 37.991084 -121.356472
11.84222921 15 0 3 0 0 0.000571679 38.040124 -121.366256
11.88448902 13.49 51 3 0 1 0.029494393 37.970448 -121.309008
11.72399644 15.57 27 4 1 1 0.013518623 38.0205 -121.345
11.08214255 8.35 77 2 1 1 0.046305663 37.976872 -121.293464
11.49781183 14.07 44 3 0 1 0.038826657 38.022296 -121.318624
11.61728548 14.52 75 3 0 1 0.040046885 37.9728 -121.298616
11.96876678 16.52 40 3 1 1 0.009327229 38.004472 -121.343424
12.04941884 19.47 43 3 0 1 0.014955045 38.014444 -121.341176
11.8493977 20.1 13 4 0 1 0.007927155 38.034956 -121.35644
11.6784399 15 10 3 0 1 0.054366832 38.028956 -121.304528
11.7905572 16.77 19 3 0 1 0.006550325 37.980844 -121.337464
11.4019939 12.76 56 3 1 1 0.038792171 37.979116 -121.302344
12.47609978 30.5 20 5 0 1 0.010836038 38.011472 -121.367624
11.35040654 13 31 3 0 1 0.04368643 38.027216 -121.315288
11.57119437 15.01 21 3 1 1 0.038884594 38.031648 -121.322096
11.35034771 9.27 50 2 0 1 0.01350469 37.959256 -121.321872
12.07710226 19.71 5 4 0 1 0.033046239 38.046824 -121.334072
11.40756495 11.34 16 3 1 1 0.058083729 38.033268 -121.302184
11.00209984 8.86 53 2 1 0 0.067633394 37.977972 -121.27108
11.91839057 13.82 38 3 0 1 0.031475941 38.015516 -121.32392
11.87059991 22.26 20 4 1 0 0.013627806 38.035332 -121.350488
11.68687877 14.57 22 3 0 1 0.007916878 38.016212 -121.349368
11.41751528 13.01 20 4 1 1 0.074200479 38.0253 -121.281944
11.28978191 11.25 60 2 0 1 0.046083709 37.980944 -121.29524
11.22524339 9.6 20 3 0 0 0.075139679 38.032424 -121.283632
11.79810441 17.7 22 3 1 0 0.004948609 38.016516 -121.352656
11.70313252 15.45 24 3 0 1 0.009938533 38.027732 -121.35156
11.70766954 10.54 78 2 0 1 0.034648644 37.969744 -121.303232
11.65225253 12 40 3 0 1 0.044840237 38.001328 -121.304272
11.62625415 13.74 14 3 0 1 0.020729532 38.029552 -121.340712
11.42954386 11.13 39 3 0 1 0.053071251 38.007952 -121.297976
11.73566894 16.88 18 3 0 1 0.01242358 38.035736 -121.351928
11.77143616 18.11 46 4 0 1 0.018468956 38.002092 -121.332752
11.82041016 15.33 5 4 0 0 0.052543921 38.031484 -121.307432
11.66992921 18.78 53 3 0 1 0.019536479 37.966052 -121.317992
11.46163217 11.34 16 3 0 1 0.05708842 38.033268 -121.303248
12.08953883 18.27 65 2 0 0 0.021769363 37.964832 -121.315144
11.91839057 22.26 21 4 0 0 0.033634644 38.0411 -121.33128
11.81265962 15.91 34 3 0 1 0.001565953 38.002744 -121.354416
11.3736634 13 47 3 0 1 0.008201769 37.96532 -121.347368
12.29728353 25.1 21 5 0 1 0.009936602 37.988476 -121.336728
11.97665948 25.47 3 5 0 1 0.052433117 38.031848 -121.307688
11.87059991 18.06 9 3 0 1 0.008663506 38.032064 -121.35456
11.44035477 11.36 18 4 1 1 0.074143197 38.032336 -121.284664
11.55214618 12.22 13 3 0 0 0.002784802 38.031396 -121.360592
11.08198869 8.7 50 2 1 1 0.004713033 37.973868 -121.336792
11.54248427 14.33 20 3 0 1 0.026854124 38.041628 -121.338728
11.56171563 10.2 52 2 0 1 0.023828538 37.968752 -121.314424
11.2835123 9.77 52 2 1 1 0.049479849 37.988244 -121.294368
12.10043431 20.86 9 3 0 0 0.000145498 38.034856 -121.365032
11.33857208 11.36 20 4 1 1 0.078774257 38.035868 -121.281048
11.91805718 20.72 24 5 1 0 0.001604302 38.01212 -121.358
11.98292909 21.75 9 4 0 0 0.010381716 38.031124 -121.352368
11.51292546 11 29 3 0 0 0.042587662 38.006176 -121.308512
11.8313792 16.98 20 3 1 0 0.014565937 38.035636 -121.3496
11.79433792 17.6 12 3 0 1 0.008400307 38.041312 -121.358336
11.50287513 14.05 13 3 1 1 0.05621471 38.00844 -121.2948
11.84581988 19.04 20 4 1 0 0.031975992 38.031856 -121.32956
11.86358234 15.86 37 3 0 1 0.006373375 38.002488 -121.345832
11.71953305 13.52 3 3 0 1 0.064155591 38.006156 -121.285448
11.8277362 15.03 9 3 0 1 0.014422474 38.032732 -121.348656
11.97665948 16.39 51 2 0 1 0.041322775 37.978336 -121.299344
12.69771545 29 1 5 0 0 0.028661903 38.010265 -121.324944
11.75194237 16.87 22 3 0 1 0.004690721 38.02652 -121.356712
11.78676213 13.62 12 3 1 1 0.008985539 38.041528 -121.357792
12.28534583 22.08 8 4 1 0 0.010498521 37.988144 -121.358448
11.51292546 11.65 30 3 1 1 0.047160199 38.024616 -121.310592
11.65702581 14.58 40 3 0 0 0.020657042 37.971572 -121.31888
12.08953883 21.58 5 4 1 1 0.023959 38.052936 -121.346096
12.27839331 26.9 9 3 0 0 0.000240162 38.03582 -121.364984
11.77528973 18.32 69 3 0 1 0.026811809 37.965336 -121.309944
12.42319812 23 5 4 0 1 0.010170763 37.9914 -121.359328
11.41310513 8.52 50 2 1 1 0.040250837 37.984788 -121.302928
11.56171563 12.29 24 3 0 1 0.049514232 38.026004 -121.3086
12.1388639 19.28 79 3 0 1 0.025696488 37.962456 -121.310048
12.12757042 20.65 69 4 0 0 0.040570284 37.971592 -121.2976
11.40756495 12.1 36 3 1 1 0.040061611 38.025832 -121.31864
12.02574909 19.41 44 2 0 1 0.02472394 38.01604 -121.331336
12.03469103 16.91 4 3 0 1 0.030080936 38.045972 -121.33692
11.69441334 15.35 15 3 1 1 0.006400344 38.03576 -121.358376
11.69107165 15.54 40 3 1 0 0.044776852 38.001064 -121.30424
11.35040654 10.5 41 3 0 1 0.047838371 38.035024 -121.3138
11.3009691 10.77 93 2 1 1 0.042389435 37.969752 -121.29496
11.42954386 10.63 42 3 0 1 0.03562871 37.991168 -121.31028
11.6307085 10.4 27 3 0 1 0.035615122 38.0264 -121.323608
11.51242534 10.14 48 3 0 0 0.0000367 37.971948 -121.341144
12.10625231 16.33 7 3 0 1 0.009529215 37.990124 -121.35816
11.08214255 9.93 56 2 0 1 0.02384592 37.973988 -121.316384
11.79810441 16.9 5 4 0 1 0.061174631 37.996368 -121.284936
11.2515607 8.32 76 2 0 0 0.02464176 37.957588 -121.309336
11.72803684 16.52 30 4 1 1 0.039909044 38.017292 -121.315576
11.15625052 8.04 52 2 0 1 0.049487126 37.986952 -121.293872
11.62177987 15.98 70 2 1 1 0.029141219 37.965744 -121.307608
11.69524702 15.33 9 3 1 0 0.06116394 38.00976 -121.290008
11.8493977 18.36 23 3 0 1 0.039598012 38.035 -121.3226
11.63425775 15.14 30 3 0 1 0.034381686 38.02742 -121.325312
11.6307085 11.29 47 3 0 1 0.022642417 38.007124 -121.330192
11.92337811 22.26 20 4 0 0 0.029913126 38.042364 -121.335736
12.05524976 21.84 84 3 0 1 0.026969653 37.963856 -121.309216
11.38281678 11.36 19 3 1 1 0.076590516 38.033628 -121.282536
11.45635511 9.62 48 3 0 1 0.005711273 37.970312 -121.346592
11.81303006 16.34 10 3 0 0 0.054743353 38.032604 -121.305504
11.44571672 11.58 20 3 0 0 0.071782232 38.023688 -121.28392
11.81303006 15.33 5 4 1 0 0.052618067 38.031228 -121.307256
11.65268741 14.01 14 3 0 1 0.065400545 38.005592 -121.283904
11.36210258 8.98 48 2 0 1 0.022137814 38.00576 -121.330216
11.88448902 19.42 15 4 0 1 0.014280528 38.042196 -121.352384
11.11988288 9.72 47 3 1 0 0.007484661 37.965528 -121.34668
11.69441334 15.98 22 3 0 1 0.039722921 38.03692 -121.323192
11.607781 18.78 19 3 0 0 0.067837794 38.022416 -121.287656
11.8913619 15.05 54 3 1 1 0.026819775 37.96864 -121.311184
11.03650127 9.15 53 2 1 0 0.047110469 37.97248 -121.290944
11.74799759 16.21 20 3 1 1 0.035531148 38.025612 -121.3234
12.06681058 22.66 19 4 0 0 0.006699995 37.980844 -121.337304
12.46071486 26.45 22 4 1 0 0.010148106 37.9899 -121.33704
11.64395373 14.81 73 2 1 1 0.037705163 37.968864 -121.299632
12.05583098 22.68 11 5 0 1 0.005815043 38.040032 -121.360616
11.40756495 10.92 37 3 0 1 0.039723508 38.014396 -121.31468
11.33140359 9.76 52 2 1 1 0.012025712 37.967224 -121.326464
11.14186178 11.1 76 3 1 0 0.084119734 37.982016 -121.254984
11.65268741 15.63 9 3 0 1 0.053339761 38.02984 -121.30596
12.10043431 17.77 2 4 0 1 0.079296207 37.994368 -121.264808
11.05089001 8 53 2 1 0 0.074635075 37.962488 -121.257744
11.8277362 18.85 9 4 0 1 0.060804524 38.01628 -121.292856
11.51691749 14.99 32 4 1 1 0.049980245 38.0186 -121.305304
11.31447453 13.32 52 2 1 0 0.059769211 37.974524 -121.278184
11.71452664 13.74 14 3 1 1 0.021047772 38.028928 -121.340136
11.35040654 12.66 31 3 1 1 0.048854234 38.017828 -121.306216
11.65268741 16.07 39 4 0 0 0.048889134 38.001964 -121.300184
11.6351431 13.91 45 3 1 1 0.04562649 38.0055 -121.305008
12.69158046 30.23 11 4 0 0 0.00505931 37.961444 -121.342544
11.42954386 14.67 19 4 1 1 0.06391667 38.034484 -121.296408
11.2708539 12.11 54 3 1 1 0.063587395 37.972856 -121.273472
11.77490504 19.39 51 2 0 0 0.061039307 37.973396 -121.2764
12.43718437 31.78 20 3 0 0 0.010787378 38.011652 -121.36764
12.25486281 21 7 4 0 1 0.011224147 37.990156 -121.359984
11.48760766 11 49 3 1 1 0.044589005 37.99054 -121.300464
11.79433792 18.95 23 4 1 0 0.035945811 38.037688 -121.32752
11.28915672 8.5 59 2 0 1 0.064457139 37.974512 -121.273168
12.1281111 20.01 3 4 0 0 0.030194051 38.046292 -121.33692
11.39639165 11.97 42 3 1 0 0.019262279 37.96896 -121.319384
11.46163217 11.2 37 3 1 1 0.041187761 37.993324 -121.305152
11.76756768 15.22 40 3 1 1 0.018535454 38.007721 -121.334808
11.47210347 11.95 22 3 1 1 0.020789297 37.978996 -121.321544
11.40700924 10.64 0 3 1 1 0.080583614 37.980396 -121.258152
11.3083583 13.01 20 4 0 0 0.073896172 38.024672 -121.282032
12.01370075 21.98 25 4 1 0 0.004636853 38.009304 -121.350264
12.52452638 26.72 20 5 0 1 0.009239323 38.0104 -121.365512
12.07254125 18.11 10 3 1 0 0.003894019 38.01464 -121.3614
11.8493977 19.43 9 4 0 1 0.06581945 38.015944 -121.287368
11.81265962 15.13 59 3 1 0 0.035418344 37.971244 -121.302976
11.4019939 10.03 45 3 1 0 0.000316515 37.97354 -121.341368
11.84186944 15.14 16 4 0 1 0.018475095 38.028848 -121.342856
11.8913619 15.61 14 3 0 0 0.011501279 37.966804 -121.351456
12.15477935 23.86 77 4 0 0 0.037119104 37.973028 -121.301832
11.91672252 15.76 49 3 0 0 0.027950063 37.968916 -121.31008
11.52079442 11.4 53 2 0 1 0.026191677 37.968832 -121.311928
11.69524702 15.52 20 3 0 1 0.022224099 38.037612 -121.34216
11.28853113 12.54 45 3 1 0 0.036543252 38.007368 -121.315424
11.74799759 14.98 4 4 0 0 0.069432578 38.008128 -121.280552
11.33857208 13.08 80 3 0 0 0.047405362 37.979856 -121.293416
11.44035477 10.64 0 3 1 1 0.072511548 37.988152 -121.269712
11.35040654 11.06 44 3 1 1 0.046478267 38.007084 -121.304696
12.60484877 26.22 11 3 0 0 0.000579301 37.975748 -121.34316
11.76679219 14.1 27 3 0 1 0.012223973 38.0205 -121.346384
11.65268741 11.18 42 3 0 0 0.027138084 37.966132 -121.309896
11.8493977 15.52 20 3 0 1 0.022070359 38.037664 -121.342344
11.40700924 13.3 25 3 0 1 0.003461699 38.007924 -121.3584
12.04941884 22.09 12 4 0 0 0.009387373 38.0386 -121.356256
11.32055357 9.92 44 3 1 1 0.051275171 37.98676 -121.291888
11.75978554 16.74 12 3 0 1 0.005880808 38.036492 -121.359208
11.83500896 16.45 9 4 0 1 0.075256311 38.025196 -121.280776
11.47210347 13.9 30 3 1 1 0.047696909 38.0313 -121.312544
12.01370075 19 9 4 0 0 0.064541733 38.01216 -121.287304
11.91170158 21.15 23 4 1 0 0.006125281 38.012308 -121.349808
12.10071213 18.03 44 2 0 1 0.027556161 38.01298 -121.327152
12.5776362 28 17 3 0 1 0.005044653 37.995744 -121.344704
11.14547842 10.14 52 2 0 1 0.065435825 37.974592 -121.272152
11.81303006 11.58 59 2 1 1 0.040942667 37.976308 -121.298984
11.56171563 11.5 38 3 0 1 0.051414633 38.006928 -121.29936
11.66821835 14 33 4 0 1 0.052329417 38.004816 -121.297584
11.86639528 18.67 12 4 1 1 0.010602497 38.04172 -121.356136
11.84222921 16.63 23 4 0 0 0.005884946 38.01112 -121.349616
11.71177632 14.27 12 3 1 1 0.009086515 38.03578 -121.355512
11.47729829 14.11 74 3 1 1 0.024908994 38.00348 -121.326392
11.47210347 11.75 31 3 0 1 0.04125894 38.032416 -121.319848
11.81303006 19.04 23 4 1 1 0.038670538 38.033096 -121.322872
11.8493977 17.69 91 3 0 0 0.035343853 37.970504 -121.302776
11.7829526 16.94 9 3 0 0 0.062114761 38.008872 -121.288656
11.28978191 13.28 20 2 1 0 0.059516599 38.024852 -121.297472
11.96718074 18.72 10 4 0 1 0.014891039 38.032872 -121.348208
11.84581988 19.84 19 4 0 1 0.012570009 38.034012 -121.35112
11.40700924 13.93 32 2 0 0 0.05035656 38.014012 -121.303168
11.48246626 12.24 52 2 0 0 0.050348352 37.989092 -121.29376
11.26446411 8.04 52 2 1 0 0.049515129 37.987624 -121.294096
11.35040654 11.16 78 2 1 0 0.023461432 37.9653 -121.313512
11.79810441 15.73 9 4 0 1 0.064814451 38.014604 -121.287936
11.33618829 13.19 17 3 1 1 0.072509272 38.028624 -121.285008
11.2515607 9 73 3 1 0 0.044637217 37.976492 -121.295104
11.39582969 10.72 15 3 0 1 0.058546086 38.034576 -121.302184
11.89067673 19 78 4 1 0 0.037445102 37.966604 -121.299056
11.36789969 11.98 43 3 0 1 0.048915826 38.009788 -121.303112
11.8493977 15.27 23 3 0 0 0.032555603 38.028944 -121.32784
12.14153412 26.01 54 5 1 0 0.03375745 37.978528 -121.307504
11.49272276 10.81 54 2 1 1 0.040091373 37.978028 -121.300544
12.20607265 23.88 25 4 0 1 0.003939678 38.010192 -121.359768
11.79735224 12.92 17 3 0 0 0.000697485 37.987608 -121.347768
11.68687877 12.92 74 2 0 1 0.025495502 37.965804 -121.311528
11.59910316 14.13 33 3 0 0 0.045430298 38.025036 -121.3126
11.64395373 11.99 57 3 0 0 0.041622909 37.977068 -121.298544
11.4019939 11.58 20 3 0 0 0.073847271 38.026312 -121.282704
12.21849517 19.49 43 3 0 1 0.012059405 38.004728 -121.3406
11.52188521 13.01 22 4 0 1 0.068523278 38.02408 -121.287552
11.92503512 14.7 51 2 0 1 0.035588154 37.97056 -121.302536
11.73606902 14 5 4 0 1 0.062072895 37.99802 -121.2846
11.47626148 11.65 44 4 1 0 0.01588652 37.97912 -121.326832
11.9381932 17.61 77 4 0 0 0.032665993 37.969576 -121.305288
11.77528973 19.73 9 4 1 0 0.062549082 38.01262 -121.289608
12.00762171 26.78 10 5 1 0 0.055629857 38.030412 -121.303728
11.53223778 16.93 44 3 0 0 0.036629398 37.989172 -121.308456
12.54254488 22.96 7 4 0 1 0.013543867 37.974596 -121.356584
11.6307085 13.28 68 2 1 0 0.02403049 37.9642 -121.312488
11.46163217 13.95 18 3 1 1 0.070328877 38.017036 -121.28296
11.91839057 19.66 9 4 0 0 0.012000157 38.031172 -121.350656
11.7191263 13.13 19 3 1 0 0.005768107 37.982336 -121.338864
11.08214255 8.8 92 2 1 1 0.047535271 37.97582 -121.291752
12.18586994 19.71 38 3 0 0 0.023647486 38.011788 -121.33088
12.11176197 20.86 9 3 1 0 0.000939406 38.034092 -121.365592
12.04296531 19.14 12 4 0 1 0.005180702 38.039296 -121.361016
11.3736634 14.04 58 3 1 0 0.078557028 37.953852 -121.250288
11.19134184 10.86 76 2 0 0 0.037838005 37.97286 -121.301
11.84222921 18 10 4 0 0 0.055771837 38.030856 -121.303744
11.72399644 13.85 10 2 0 1 0.065079168 38.016856 -121.288504
11.40700924 11.64 20 3 1 1 0.055726488 38.02878 -121.303008
12.1281111 25.92 14 5 0 0 0.028560781 38.0364 -121.334928
11.08137302 8.89 51 2 1 0 0.025544162 37.965116 -121.311216
11.94470788 17.79 40 3 0 0 0.024721285 38.011756 -121.32972
12.37581542 21 37 3 0 0 0.102982765 38.028668 -121.252448
11.33857208 11.54 17 3 1 1 0.070131305 38.025644 -121.286424
11.48760766 14.87 31 3 0 1 0.047689046 38.029944 -121.31204
11.4019939 14.42 49 3 0 0 0.019412225 37.957084 -121.314736
11.1844214 9.65 18 2 1 0 0.060891843 38.026816 -121.296744
11.9511804 21.05 9 3 0 0 0.061470902 38.007728 -121.288912
11.49272276 14.81 71 3 1 0 0.011389716 37.966548 -121.35124
11.69524702 14.25 51 2 1 0 0.033693167 37.971508 -121.30492
12.30138283 20.17 17 3 0 0 0.013190244 37.997744 -121.336752
11.47729829 13.83 75 2 0 0 0.034743171 37.966116 -121.30176
11.97665948 21.04 1 3 0 0 0.012719196 37.965608 -121.325112
11.87059991 15.19 18 3 0 0 0.01853686 38.039968 -121.346992
11.393973 9.57 46 2 0 1 0.019215343 38.003272 -121.3324
11.35040654 14.7 19 3 1 0 0.052928823 37.996752 -121.293896
11.60823564 13.95 16 3 1 0 0.069693432 38.01346 -121.282288
11.47210347 11.58 19 3 1 0 0.073110851 38.027616 -121.283984
11.91772368 23.09 10 5 1 0 0.004442937 38.040448 -121.36224
11.36210258 9.88 59 2 0 1 0.075640247 37.965628 -121.257856
12.05524976 18 50 2 0 0 0.031151701 37.9752 -121.309032
12.38839004 20.61 1 3 0 0 0.01199795 37.972724 -121.354224
12.04296531 23.88 25 5 0 0 0.006158491 38.0116 -121.362672
11.90496755 19.55 7 4 0 0 0.062056824 37.997784 -121.284528
11.75978554 10.25 53 3 0 0 0.029095422 37.969404 -121.30904
11.22524339 11.1 22 3 1 0 0.068327844 38.035044 -121.291904
11.62625415 14.05 19 3 0 0 0.061551462 38.034504 -121.298944
12.01370075 26.78 9 5 1 0 0.054526538 38.033896 -121.306224
11.18372671 7.8 54 2 1 0 0.045733949 37.9815 -121.295824
11.77490504 12.96 20 4 0 0 0.058565743 38.028852 -121.3
11.37939407 10.56 38 3 0 1 0.039529591 38.01516 -121.315176
11.71586631 16.17 44 3 0 0 0.026276582 38.019268 -121.330896
11.58988651 14.26 28 3 0 0 0.045785265 38.025024 -121.312216
11.27720313 10.2 52 2 1 0 0.019355702 37.966832 -121.31848
11.69316152 17.1 38 3 1 0 0.001527846 37.975252 -121.34072
11.00126616 7.44 59 2 1 0 0.077526302 37.955636 -121.252064
11.22524339 9.84 58 2 1 0 0.076951208 37.967516 -121.257168
11.62177987 14.96 28 3 0 0 0.046853788 38.0272 -121.311896
11.23848862 9.41 52 2 0 0 0.030383346 38.002496 -121.320168
11.59818531 13.32 39 4 0 0 0.035274432 38.016608 -121.320272
11.51242534 12.48 21 3 0 0 0.076857302 37.986304 -121.264368
12.16264309 27.27 12 5 0 0 0.017023015 38.03812 -121.347912
11.81265962 14.75 4 4 0 0 0.060583363 37.995648 -121.285296
11.74403719 12.64 60 2 1 0 0.035097587 37.972496 -121.303792
11.82041016 15.01 21 3 0 0 0.038170245 38.031596 -121.32284
11.35040654 10.63 41 3 0 0 0.035686336 37.991204 -121.310232
11.46163217 11.75 32 3 1 0 0.0412318 38.031196 -121.319416
12.39669301 23.9 4 4 0 0 0.008439621 37.991788 -121.357624
12.05524976 20.3 20 3 0 0 0.021915205 38.037712 -121.342528
11.47729829 12.22 15 3 0 0 0.057918126 38.03534 -121.303144
11.00126616 9 50 3 1 0 0.07412961 37.959068 -121.256992
12.25486281 17.9 17 3 0 0 0.013117375 37.997432 -121.336712
11.27720313 13.82 29 3 0 0 0.047671251 38.016916 -121.307136
12.36904147 22.01 7 4 0 0 0.010586392 37.98834 -121.358616
11.26446411 11.36 19 4 0 0 0.075594415 38.030556 -121.28244
12.06104687 17 4 3 1 0 0.030065383 38.045928 -121.33692
11.26318123 8.7 50 2 0 0 0.004838012 37.973904 -121.336672
11.77490504 12.71 3 3 0 0 0.068891385 38.007592 -121.280928
12.07254125 19.82 44 2 0 0 0.029060521 38.011308 -121.324912
11.58058411 12.14 48 3 1 0 0.005705135 37.97016 -121.346528
12.01066585 22.09 12 4 1 0 0.01068054 38.038744 -121.354928
11.75194237 16.23 72 3 1 0 0.033548428 37.973512 -121.305832
11.50287513 13.05 50 2 1 0 0.015955975 37.975908 -121.325544
11.68687877 12.45 14 3 1 0 0.001610475 37.998024 -121.35268
11.19134184 10.83 60 2 0 0 0.04792538 37.980692 -121.293176
12.30138283 27 6 5 0 0 0.000129117 38.042344 -121.367568
11.24504602 12.06 46 3 1 0 0.040367504 38.006564 -121.311032
11.30220443 11.18 22 3 0 0 0.069399609 38.034604 -121.290592
12.10348606 18 4 3 0 0 0.030127596 38.046104 -121.33692
11.71993963 19.14 20 4 1 0 0.026221852 38.039924 -121.33876
11.42470609 13.82 42 3 1 0 0.038442549 38.023644 -121.319544
11.36789969 11.39 49 2 0 0 0.011695506 37.973996 -121.329376
11.22524339 9.9 47 3 1 0 0.011175452 37.966392 -121.350952
11.76756768 14.55 17 3 1 0 0.014720263 37.983548 -121.329752
11.1844214 9.08 63 2 0 0 0.01115176 37.961576 -121.325264
11.33857208 14.22 20 2 1 0 0.059736449 38.02486 -121.29724
11.9381932 25.25 9 4 1 0 0.054719695 38.033892 -121.306016
11.49272276 10.72 16 3 1 0 0.063641193 38.035356 -121.297032
12.06104687 16.33 6 3 0 0 0.007369443 37.99128 -121.356288
11.73606902 15.51 21 3 0 0 0.035233911 38.038024 -121.328408
10.96819829 9.12 48 2 1 0 0.006591432 37.975096 -121.335248
11.76679219 15.19 18 3 0 0 0.019267003 38.040848 -121.346544
11.42409425 15.36 93 3 0 0 0.038785205 37.961948 -121.295864
12.01370075 24.17 10 4 0 0 0.062125107 38.010108 -121.289112
11.44571672 12.57 15 3 1 0 0.068696227 38.018832 -121.285384
11.31447453 11.72 58 2 1 0 0.070839101 37.967712 -121.263776
11.35040654 10.2 23 3 1 0 0.050333592 38.025104 -121.307384
11.65268741 13.62 21 3 1 0 0.032447005 38.02544 -121.326632
11.71177632 14.53 33 3 0 0 0.044641527 38.027568 -121.3144
11.35040654 11.8 59 2 1 0 0.041886798 37.975888 -121.297816
11.70354582 19.08 23 4 0 0 0.008159868 38.01908 -121.350192
11.61787089 12.33 79 2 1 0 0.036661091 37.970208 -121.301256
11.75194237 16.49 23 3 0 0 0.035853043 38.033636 -121.326088
11.77528973 17.02 17 3 0 0 0.017422091 38.032432 -121.345336
11.70354582 12.5 35 3 0 0 0.00990515 38.016904 -121.347504
12.4292162 21.36 6 4 0 0 0.016621664 37.980772 -121.362208
11.33857208 10.33 34 3 0 0 0.049200649 38.00926 -121.302608
11.74403719 13.13 19 3 1 0 0.006857115 37.983088 -121.337984
11.65225253 13 11 3 0 0 0.066965222 38.018148 -121.286976
11.80559508 15.19 67 3 0 0 0.038515039 37.969652 -121.299064
11.48246626 11.51 40 3 0 0 0.050961104 38.007508 -121.300064
11.49272276 13.84 37 3 0 0 0.047199651 37.999852 -121.301192
11.46163217 11.52 35 3 1 0 0.04365791 38.0142 -121.3104
11.68687877 14.05 19 3 0 0 0.061491594 38.034504 -121.299008
12.11176197 18.93 20 3 0 0 0.022079498 37.995052 -121.326232
11.75154859 14.27 12 3 0 0 0.01475706 38.037828 -121.350224
11.71993963 13.4 76 2 0 0 0.025681762 37.965844 -121.311344
12.02873863 17.83 20 3 0 0 0.004369378 37.980036 -121.348832
11.35627165 10.78 27 3 0 0 0.081727041 37.97114 -121.253432
11.69483027 12.86 34 3 1 0 0.002394176 37.97362 -121.344296
11.33857208 14.67 57 4 1 0 0.07310116 37.968988 -121.26184
11.73606902 12.72 20 3 0 0 0.012910043 37.963184 -121.323992
11.78257085 16.72 22 3 0 0 0.036828798 38.030892 -121.324008
11.51292546 14.51 19 4 1 0 0.06447434 38.0335 -121.29544
11.86358234 19.96 19 4 0 0 0.028914093 38.0356 -121.334248
11.47210347 13.08 52 2 1 0 0.027873404 38.002178 -121.322731
11.7745202 18.67 33 4 1 0 0.046394603 38.002592 -121.303088
11.34450681 11.18 22 3 1 0 0.069123788 38.035348 -121.291168
11.42300076 11.58 49 2 0 0 0.02212333 37.96306 -121.314096
11.450518 12.62 53 3 0 0 0.018879826 37.965888 -121.318632
11.66134547 14.55 9 4 1 0 0.075146886 38.025204 -121.280896
11.11988288 10.26 39 3 1 0 0.049433776 38.035028 -121.312096
11.40700924 13 20 4 1 0 0.072624077 38.025752 -121.2838
11.03003921 10.53 43 2 1 0 0.056793597 37.964984 -121.27776
11.73566894 15.19 19 3 0 0 0.036310124 38.04236 -121.328896
11.9511804 21.34 21 4 0 0 0.038563113 38.032284 -121.32268
11.48246626 16.06 50 3 0 0 0.011895078 37.964568 -121.3256
11.90496755 13.39 59 2 0 0 0.03236248 37.975492 -121.307848
11.46163217 11.7 39 3 0 0 0.039081959 38.006992 -121.312568
11.09741002 11.16 79 2 1 0 0.027081802 37.96538 -121.309672
11.69524702 12.24 36 3 1 0 0.011031369 38.0181 -121.346752
11.8277362 15.02 2 4 0 0 0.068301773 38.006792 -121.281256
11.45105006 11.04 46 3 1 0 0.042920972 38.005764 -121.308
11.81731715 15.49 10 3 0 0 0.002040588 38.039876 -121.364592
11.34922937 11.54 19 3 0 0 0.078840712 38.036056 -121.281048
11.6351431 15.6 19 3 0 0 0.024184954 38.035072 -121.339104
11.75587164 16.95 20 3 1 0 0.034809833 38.032696 -121.326848
11.71177632 16.03 34 4 0 0 0.042642496 38.026528 -121.316144
11.55694235 12.48 26 3 0 0 0.071291699 37.965224 -121.262352
11.2515607 9.14 49 2 1 0 0.031828253 38.007748 -121.320608
11.50846553 13.36 19 3 0 0 0.072333426 38.027936 -121.284936
11.40478331 12.84 22 3 1 0 0.051017903 37.999772 -121.29708
12.04414178 22.27 20 3 1 0 0.02332259 37.994144 -121.32456
11.79810441 14.14 2 3 0 0 0.091487384 38.022336 -121.262344
END

##3 32.33 6 4 0 0 0.01286797 37.978604 -121.357376
